16.6357
00|2778
00|10044
00|427
00|1449
00|5688
00|103632
00|2778
00.5688
00|17798
00|6185
00|16903
00|5688
17.54995
00|46069
00|7735
00|35381
00|68425
00|61748
00|65401
00|47873
00|73544
00|74347
00|16106
00|81352
00|35381
00.74347
00|91392
00|68425
00.16106
00|185
00.76458
00|91367
00|88931
00|185
00|11434
00|5348
13.14554
00|8395
00|259
00|4824
00|89696
00|8395
00|10640
00|89696
00.48291
00|10640
00|82295
08.4774
00|7392
00|42389
00|28392
00|4774
00|26137
00|3489
00|4234
00|22839
00|42650
00|25557
00.26137
00|188
00|7207
00|4115
00|188
00.26137
00|3967
00|29918
00|5737
00|40835
00|3967
26.13037
00|14082
00|29323
00|7935
00|7504
00|1874
00|34304
00.7935
00|7847
00|8027
00|6064
00.29323
00|36174
00|5945
23.108916
00|95634
00|6690
00|30950
00.7665
00|2372
00|95634
00|9442
00|5473
00|5526
01.3214
00|38748
00|71
00|746
00|20551
00.71
00|996
00|5652
07.28118
00|3969
00|15877
00|4182
00|12302
00|3969
25.4588
00|26573
00|4028
00|64175
00|8307
00|13431
00|6646
00|512
00|57267
00|10212
00|32340
00|44953
00|54410
00|899
00|4028
30.2335
00|4091
00|8775
00|9882
03.4133
00|2847
00|3045
00|3068
00|3269
00|2927
00|5560
00|3068
00.3269
00|11651
00|7325
00|6289
00.7325
00|16715
00.5560
00|2622
00|10578
00.2927
00|36325
00|720
00|889
00.720
00|34925
00.2622
00|4970
00|36325
11.5678
00|67
00|12598
00|13992
00|265
00|13
00|5310
00|6204
00|36751
00|784
00|10498
00|3410
00|17645
00|21454
00|1490
00|30959
00|27730
00|12889
00|8573
00|13805
00|107
00|8590
00|5969
00|45539
00|8008
00|1400
00|7062
32.5948
00|22275
00|6715
00|6126
00.22275
00|8915
00|3496
00|6715
33.22422
00|28735
00|11522
00|3284
00|27255
00|20408
00|22422
00.11522
00|6610
00|18448
00|3284
44.15833
00|11831
00|15253
00|7368
00|19812
00|15833
00|6712
00|228
00|29802
45.2158
00|6772
00|13281
00.6772
00|158
36.8424
00|1940
00|1561
00|12392
00|56909
00.12392
00|4006
00|21079
00|26155
00|38925
00|23870
00|9157
00|52198
00|4006
35.4687
00|269
00|842
00|28762
00|269
00|9350
00|4687
49.26739
00|82303
00|10851
00|26739
04.5908
00|10308
00|456
00|12879
00|5071
00|13760
00|3353
00|7489
00|456
00|459
00.3353
00|3955
00|879
00.14856
00|8964
00|7163
00|2590
00|4917
00|23060
00.4917
00|5071
48.8659
00|5079
00|6876
00|77082
00|113085
00|78797
00|99106
00|111021
00|77082
00.78797
00|7507
00|9382
00|16711
00|14388
00|31313
00|13696
00|16711
19.37456
00|40157
00|39364
00|37456
00|19239
20.34768
00|3984
00|3658
00|5441
00|1209
00.116920
00|3984
00.3658
00|14064
06.35767
00|759
00|4990
00|62127
00.759
00|24801
00.4990
00|51591
00|943
00|846
12.648
00|6781
00|3150
00|9656
00|6064
00|43916
00|648
00|3150
00.102859
00|66442
00|13814
00|102859
22.7122
00|22521
00|2764
00.3891
00|22521
00|5332
00|11034
00.98269
00|5428
00|36686
00|6638
00|29571
00.6638
00|14314
00|5332
00|3556
00|9336
00|30222
00.14314
00|14928
00|3556
43.34150
00|54272
00|29407
00|10864
00|84781
00|52181
00|16023
00|34660
00|29407
00.6537
00|79481
00|16773
55.42553
00|36581
00|29320
00|4754
00|97397
00|95291
00|42553
00|62800
00.97397
00|36581
14.42770
00|1850
00|10
00|106496
00|99929
00|108883
00|38104
00|91597
00.108883
00|35753
00|66566
00.35753
00|1850
00.10
00|108467
00|32756
00|17024
00|108467
56.43113
00|1742
00|12370
00|14569
00.15638
00|40065
00|12786
00|70184
00|31269
00|14747
00|93655
00.12786
00|10431
00|30815
00|25723
05.1266
00|14749
00|53153
00|4067
00|36863
59.3978
00|1487
00|5972
00|43568
00|9781
00|10591
58.80784
00|73552
00|2338
00|5012
00|3423
00|101665
00|80784
00|3927
00|112565
00|114321
00|29254
61.110818
00|65353
00|83526
00|118205
00|114203
28.14851
00|53093
00|64407
00|8261
00|10572
00|83386
00|8261
00.4295
00|31579
00|8435
00|15213
00|170
00.53093
00|9584
00|18385
00|64407
00|10787
00|53093
52.14086
00|7466
00|8631
00|7938
00|42134
15.5875
00|33542
00|36116
00|14871
00|1830
00|5875
63.1159
00|11217
00|1773
00|19725
00|8433
00|8241
00|33687
00.8433
00|6703
00|18878
00|33891
00|11217
00|61776
00|1159
64.46900
00|4457
00|12874
00|46900
00|100263
10.57909
00|3918
00|12774
00|6704
00|25425
00|3951
00|11904
00|5070
00|6704
00.54297
00|16998
00|13367
00|11904
00.5070
00|506
00|2481
54.4173
00|11035
00|33063
00|53577
00|14235
00|8933
00|12434
00|6020
00|7455
00|9377
00|10148
00|7028
53.1329
00|38545
00|19424
00|20581
00|26646
00|44190
00|11594
00|26321
00|3815
00|13262
00|10082
00|52333
00|11594
67.7782
00|3525
00|85466
00|5605
00|7782
68.104
00|48681
00|1388
00.48681
00|114966
00|20974
00|9745
00|59330
00.20974
00|44166
00|37134
40.24064
00|14688
00|28675
00|31984
00|36971
00|6019
00|29926
00|30882
00|45343
00|40287
00|88890
00|1500
00.40287
00|1636
00.29926
00|45232
00.29926
00|2
00.27489
00|3500
00|31984
46.25764
00|3395
00|18655
00|19565
00|10690
00|3610
00|1925
00|60934
00.3610
00|12794
00.3610
00|19129
00|10128
62.1203
00|23078
00|22519
00|24461
00|3637
00|23078
00.10500
00|24461
00.10500
00|53807
00|23296
00|49745
00|6751
00|1203
00|10500
42.2770
00|2731
00|6741
00|5968
00|11858
00|6539
00|108
00|10554
00|6539
00.3954
00|11858
00|4179
00|12266
00|21447
00|9355
00|10691
00|2770
34.413
00|16810
00|514
00|18074
00|2491
00|12217
00|4239
00.514
00|12217
00.18074
00|15982
00|4178
27.3143
00|13894
00|34980
00|3314
00|9912
00|3143
00|34468
00|4939
00|5144
00|20815
00|3875
00|27
00|17737
00|34468
00.3875
00|57954
00.27
00|22012
00|32384
00|28366
00.20815
00|34087
66.5814
00|13676
00|5548
00|32466
00|111499
00|108413
38.173
00|72391
00|54934
00.72391
00|6361
00|214
00|2862
00|8713
00|403
00|4811
00|28985
00|6361
00.4811
00|23446
60.34901
00|3162
00|10503
00|47755
00.11820
00|2159
00|27692
00|23257
00|11277
00|10503
00|23247
00|9693
00|80657
00|57060
00|6888
00|6263
00.57060
00|4547
00|5592
00|42741
00|23182
18.51308
00|16655
00|91093
00|17464
00|51308
00|48072
00|46406
00|99702
00|77955
00.48072
00|94517
00.26856
00|23819
00|61843
00|47820
00|26856
00|45448
00|4823
00|3726
00|24586
00|33480
21.7413
00|11587
00|436
00|7836
00|12895
00|2492
00|2249
00|9361
00|4525
00|38512
00|3305
00|4414
00|7817
00|1690
47.59412
00|29635
00|5890
00|95333
00|29635
00|29834
00|12206
00|7097
00|59412
00|55800
41.27403
00|47331
00|5042
00.47331
00|45055
00|46480
00|43799
00|49084
00|43246
00|42566
00|47331
00.43799
00|24721
00.49084
00|42177
00|33640
00|12538
00|42177
00.22824
00|47331
39.9362
00|18
00|6350
00|7652
00|5910
00|10013
00|4946
00|16656
00.18
00|5639
00|52329
00|10013
00|19206
00|16656
09.9217
00|10698
00|50443
00|46917
00|21148
00|6838
00|17134
00|8453
00|6838
00|56730
00|4174
00|9217
00|10386
00|16073
00|36628
00|21281
00|17644
00|6663
00|11131
00|22457
00|4438
00|758
00|8356
00|26243
00|6050
00|8655
00|4138
00|64547
00|758
24.44564
00|60375
00|39133
00|99918
00|19028
00|2353
00|7631
00|68629
00|1915
00|35600
00|52332
00|45682
00|7766
00|8486
00.52332
00|33484
00|11516
00|21027
00|2761
00.45682
00|32703
00|38647
00|33484
51.64397
00|12553
00|13530
00|28775
00|42213
00|86999
00|24898
00|64397
00|17335
37.3826
00|3138
00|840
00|30623
00|3389
00|9018
00|9361
00.3826
00|7817
00|2632
00|93291
00|3188
00|5886
00.39798
00|5886
00|1705
00|3723
57.1615
00|4262
00|12347
00|39105
00|27734
00|8033
00.12347
00|11884
00|28943
00.39105
00|277
00|28800
00.4262
00|82576
29.358
00|1515
00|85922
00|4373
00.1515
00|3806
00|1409
00.1074
00|73748
00|15043
00|27142
00.7032
00|5703
00|11701
31.9680
00|6442
00|8327
00|21722
00|24011
00.6442
00|3222
00|8327
00.20869
00|3222
00|7032
02.4243
00|92125
00|59582
00|3308
00|6452
00|11916
00|27726
00|5586
00|1822
00.27726
00|9704
00|62779
00|9754
00.61415
00|9704
50.83124
00|10604
00|31082
00|54760
00|59557
00|15588
00|46452
00|2989
00|42360
00|70009
00|92890
00|92538
00|26666
00|10604
00.2989
00|22859
00|49631
00|108555
00|70009
