2|1,40
3|65535,99
10|1,14
13|5,11
18|1,39
20|65535,99
27|7,27
70|65535,99
71|1,1
100|7,5
103|65535,99
104|128,68
108|2,42
158|1,45
170|1,28
173|1,38
185|8,17
188|11,8
199|65535,99
212|96,35
214|10,38
228|112,44
245|151,24
259|3,13
265|4,11
269|32,35
277|160,57
358|1,29
369|65535,99
371|65535,99
403|7,38
404|65535,99
413|6,34
427|3,16
436|3,21
456|1,4
459|13,4
506|10,10
512|4,25
513|65535,99
514|4,34
560|11,62
620|65535,99
647|65535,99
648|1,12
720|9,3
746|6,1
759|2,6
809|13,11
840|1,37
841|65535,99
842|48,35
846|7,6
879|128,4
889|8,3
895|240,26
899|128,25
943|6,6
954|9,13
996|2,1
1074|2,29
1076|65535,99
1082|65535,99
1159|1,63
1203|9,62
1208|65535,99
1209|7,20
1211|65535,99
1263|65535,99
1266|1,5
1388|144,68
1400|12,11
1409|7,29
1449|4,16
1486|65535,99
1487|32,59
1500|7,40
1515|3,29
1561|2,36
1582|65535,99
1615|1,57
1617|65535,99
1628|65535,99
1634|10,34
1636|8,40
1690|14,21
1705|176,37
1742|1,56
1749|14,60
1773|144,63
1822|6,2
1830|80,15
1850|3,14
1874|1,26
1915|6,24
1919|65535,99
1940|1,36
2118|14,23
2119|65535,99
2158|2,45
2227|65535,99
2243|8,13
2249|7,21
2335|1,30
2338|144,58
2353|128,24
2360|15,42
2372|7,23
2462|65535,99
2480|65535,99
2481|176,10
2491|2,34
2492|6,21
2590|10,4
2622|14,3
2661|65535,99
2731|13,42
2761|13,24
2764|3,22
2770|12,42
2778|1,16
2847|6,3
2862|9,38
2878|65535,99
2892|12,16
2919|65535,99
2927|2,3
2989|4,50
2997|65535,99
3045|5,3
3057|96,3
3068|4,3
3123|65535,99
3138|5,37
3143|2,27
3150|4,12
3188|8,37
3214|4,1
3269|3,3
3284|80,33
3302|65535,99
3305|11,21
3308|8,2
3353|5,4
3389|3,37
3395|2,46
3423|2,58
3489|6,8
3496|4,32
3500|14,40
3510|65535,99
3525|48,67
3545|15,17
3556|4,22
3637|8,62
3658|64,20
3723|192,37
3726|2,18
3802|65535,99
3806|6,29
3815|112,53
3826|6,37
3875|3,27
3891|12,22
3918|2,10
3927|5,58
3951|6,10
3955|112,4
3969|2,7
3978|16,59
3984|3,20
4042|4,60
4043|65535,99
4067|4,5
4091|2,30
4115|12,8
4126|80,45
4133|7,3
4173|1,54
4174|3,9
4178|8,34
4179|5,42
4182|80,7
4198|160,6
4234|7,8
4239|7,34
4243|10,2
4262|2,57
4268|65535,99
4295|7,28
4373|5,29
4414|12,21
4438|80,9
4457|2,64
4525|9,21
4547|7,60
4588|2,25
4627|7,13
4630|65535,99
4687|1,35
4699|174,34
4754|1,55
4774|4,8
4811|6,38
4823|12,18
4824|4,13
4917|9,4
4939|6,27
4946|7,39
4970|15,3
4990|3,6
5012|1,58
5042|13,41
5070|8,10
5071|3,4
5079|32,48
5107|8,46
5142|240,2
5144|5,27
5332|7,22
5428|11,22
5441|6,20
5473|5,23
5526|9,23
5548|48,66
5560|1,3
5586|5,2
5592|8,60
5605|1,67
5639|9,39
5652|3,1
5678|32,11
5688|5,16
5703|12,29
5737|14,8
5767|14,22
5806|160,43
5814|1,66
5875|2,15
5886|9,37
5890|64,47
5908|15,4
5910|5,39
5945|12,26
5948|1,32
5968|6,42
5972|48,59
6019|9,40
6020|128,54
6050|4,9
6064|2,26
6104|144,40
6112|144,1
6126|6,32
6185|8,16
6204|6,11
6263|12,60
6289|10,3
6350|3,39
6357|10,16
6361|4,38
6442|1,31
6452|7,2
6539|3,42
6610|1,33
6638|9,22
6646|3,25
6663|1,9
6690|3,23
6703|128,63
6704|4,10
6712|96,44
6715|3,32
6741|7,42
6751|160,62
6772|64,45
6781|8,12
6838|176,9
6876|48,48
6888|11,60
6981|65535,99
7028|192,54
7032|13,29
7062|1,11
7097|3,47
7122|1,22
7163|11,4
7207|13,8
7325|11,3
7360|65535,99
7368|3,44
7392|1,8
7413|1,21
7455|144,54
7466|32,52
7489|6,4
7504|7,26
7507|144,48
7511|15,22
7599|65535,99
7631|8,24
7652|4,39
7665|8,23
7766|192,24
7782|32,67
7817|13,21
7836|4,21
7847|5,26
7916|240,10
7935|4,26
7938|64,52
8008|11,11
8027|6,26
8033|96,57
8063|65535,99
8096|15,21
8241|176,63
8261|6,28
8264|112,26
8307|96,25
8327|80,31
8395|2,13
8424|4,36
8433|3,63
8435|9,28
8486|12,24
8590|10,11
8631|3,52
8659|1,48
8713|8,38
8745|224,26
8775|3,30
8915|5,32
8933|96,54
9003|65535,99
9009|65535,99
9018|2,37
9157|112,36
9310|65535,99
9322|192,2
9336|13,22
9350|64,35
9355|10,42
9361|8,21
9362|2,39
9377|160,54
9382|160,48
9442|6,23
9543|65535,99
9584|160,28
9601|44,24
9656|3,12
9680|96,31
9704|4,2
9745|3,68
9754|208,2
9781|80,59
9882|4,30
10013|6,39
10044|2,16
10082|144,53
10128|4,46
10148|176,54
10308|14,4
10334|80,65
10386|144,9
10431|128,56
10461|15,41
10500|4,62
10503|3,60
10504|144,6
10521|160,46
10554|1,42
10578|13,3
10591|96,59
10604|8,50
10640|6,13
10691|11,42
10698|160,9
10787|5,28
10851|32,49
10864|3,43
11035|32,54
11131|112,9
11217|80,63
11383|65535,99
11516|15,24
11522|2,33
11587|2,21
11594|80,53
11648|65535,99
11651|12,3
11701|11,29
11702|65535,99
11820|208,60
11831|1,44
11858|4,42
11884|128,57
11904|7,10
11916|1,2
12206|128,47
12217|3,34
12266|8,42
12302|64,7
12347|48,57
12370|208,56
12392|3,36
12434|112,54
12538|12,41
12553|32,51
12774|3,10
12786|112,56
12794|6,46
12874|1,64
12879|2,4
12889|144,11
12895|5,21
13037|8,26
13262|128,53
13281|3,45
13367|12,10
13379|9,12
13380|24,4
13431|112,25
13530|48,51
13676|32,66
13696|208,48
13760|4,4
13814|7,12
13894|1,27
13992|3,11
14064|5,20
14082|9,26
14084|65535,99
14086|16,52
14097|65535,99
14235|80,54
14314|6,22
14388|176,48
14551|57,24
14554|5,13
14569|224,56
14688|192,40
14747|64,56
14749|2,5
14851|2,28
14856|192,4
14871|64,15
14928|5,22
15043|9,29
15213|10,28
15253|2,44
15261|58,24
15274|160,12
15545|9,46
15588|80,50
15638|176,56
15833|80,44
15877|1,7
15982|144,34
16023|6,43
16106|3,17
16655|4,18
16656|8,39
16711|192,48
16715|160,3
16773|8,43
16810|5,34
16903|7,16
16998|208,10
17024|240,14
17305|23,4
17335|80,51
17464|5,18
17582|65535,99
17645|8,11
17737|8,27
17798|9,16
18074|1,34
18242|103,50
18385|176,28
18448|64,33
18655|1,46
18878|112,63
19028|9,24
19129|5,46
19206|176,39
19239|2,19
19424|1,53
19565|7,46
19725|160,63
19732|240,38
19812|4,44
20551|7,1
20581|32,53
20815|4,27
20869|2,31
20974|64,68
21027|14,24
21079|96,36
21281|2,9
21447|9,42
21722|64,31
22012|10,27
22275|2,32
22422|48,33
22449|14,41
22457|96,9
22519|6,62
22521|2,22
22824|3,41
22839|8,8
22859|15,50
23078|7,62
23182|10,60
23247|1,60
23296|2,62
23446|11,38
23646|140,4
23870|128,36
24011|48,31
24064|13,40
24141|11,58
24461|5,62
24586|13,18
24721|7,41
24801|128,6
24898|64,51
25425|5,10
25557|10,8
25723|160,56
25764|3,46
25843|240,23
26123|56,24
26137|5,8
26321|96,53
26380|176,40
26573|1,25
26646|48,53
26666|12,50
26739|16,49
26954|13,38
27142|10,29
27255|96,33
27403|2,41
27489|15,40
27726|2,2
27734|80,57
27813|12,23
28095|240,56
28118|48,7
28244|3,65
28350|65535,99
28366|176,27
28392|2,8
28620|26,4
28675|12,40
28762|80,35
28800|176,57
28943|144,57
28985|5,38
29088|1,65
29254|128,58
29320|4,55
29323|10,26
29373|2,65
29407|2,43
29571|8,22
29635|96,47
29834|112,47
29926|3,40
29953|65535,99
30222|208,22
30427|4,65
30623|4,37
30784|25,4
30800|65535,99
30815|144,56
30882|4,40
30950|4,23
31082|9,50
31269|3,56
31313|224,48
31579|8,28
31925|9,10
31983|65535,99
31984|11,40
32340|5,25
32466|64,66
32496|65535,99
32498|55,24
32703|3,24
33063|48,54
33484|64,24
33542|1,15
33687|2,63
33891|96,63
34087|208,27
34150|1,43
34304|3,26
34372|64,40
34468|9,27
34487|96,50
34660|144,43
34768|1,20
34901|2,60
34925|128,3
34968|48,24
35381|2,17
35600|5,24
35674|65535,99
35753|6,14
35767|1,6
36116|48,15
36174|208,26
36359|32,24
36581|5,55
36628|128,9
36686|10,22
36751|112,11
36863|5,5
36971|10,40
37134|112,68
37155|240,24
37456|1,19
38104|11,14
38512|10,21
38647|4,24
38748|5,1
39105|64,57
39133|160,24
39272|6,40
39364|64,19
39798|160,37
39897|65535,99
40065|192,56
40157|48,19
40287|80,40
40566|65535,99
40835|15,8
41146|65535,99
42134|80,52
42177|11,41
42360|3,50
42389|3,8
42553|6,55
42566|8,41
42650|9,8
42741|9,60
42770|2,14
43113|96,56
43246|9,41
43568|64,59
43799|6,41
43916|2,12
44015|45,24
44166|96,68
44190|64,53
44444|112,24
44564|176,24
45055|4,41
45232|2,40
45343|5,40
45448|6,18
45682|2,24
45765|15,60
45796|14,17
46406|8,18
46452|5,50
46480|5,41
46900|64,64
47331|1,41
47820|14,18
47873|16,17
48072|7,18
48077|191,56
48681|1,68
49084|10,41
49631|14,50
49745|1,62
50798|13,17
51308|1,18
51591|5,6
51778|6,5
52181|5,43
52198|80,36
52216|14,42
52329|160,39
52332|1,24
52333|160,53
53093|3,28
53153|3,5
53577|64,54
53807|3,62
54297|224,10
54410|144,25
54760|10,50
54934|3,38
54995|192,17
55800|2,47
57060|6,60
57201|65535,99
57775|12,38
57909|1,10
57954|192,27
59330|80,68
59412|1,47
59557|6,50
59582|9,2
60375|11,24
61415|3,2
61748|4,17
61776|64,63
62127|4,6
62680|16,24
62779|224,2
62800|7,55
64397|1,51
64407|4,28
65212|224,38
65353|32,61
65401|1,17
66442|6,12
66566|13,14
68425|7,17
68629|7,24
70009|2,50
70184|2,56
72391|2,38
73544|80,17
73552|160,58
73748|8,29
74347|5,17
74878|9,14
77082|64,48
77955|10,18
78797|128,48
79481|7,43
80657|5,60
80784|4,58
81352|11,17
82303|48,49
82576|112,57
83124|7,50
83526|48,61
83732|11,23
84548|65535,99
84781|4,43
85142|112,17
85466|80,67
85922|4,29
86133|8,1
86290|13,23
87621|5,14
88890|112,40
88931|128,17
89696|1,13
90919|10,17
91093|3,18
91367|9,17
91392|6,17
91597|12,14
91656|10,23
92125|176,2
92538|11,50
92890|1,50
93291|7,37
93655|80,56
94517|11,18
94729|65535,99
95291|3,55
95333|80,47
95634|2,23
96110|208,50
97397|2,55
98381|64,67
99106|96,48
99702|9,18
99918|10,24
99929|8,14
100263|48,64
101665|3,58
102212|4,14
102859|5,12
103632|6,16
106496|7,14
108413|96,66
108555|13,50
108883|10,14
108916|1,23
110818|16,61
111021|80,48
111499|80,66
112399|11,16
112565|6,58
112578|65535,99
113085|112,48
114203|80,61
114321|112,58
114966|2,68
116920|2,20
118017|14,14
118118|65535,99
118205|64,61
119222|65535,99
119624|65535,99

17|227,23
26|71,42
67|34,11
69|112,37
89|209,8
96|237,24
105|50,54
107|167,11
130|67,61
134|235,4
143|182,24
147|39,27
156|99,9
157|51,36
163|116,5
198|18,11
225|103,32
233|54,26
248|243,17
249|133,25
260|48,13
273|21,27
275|54,42
292|17,32
294|17,20
307|41,37
317|80,5
335|84,45
365|115,11
383|27,18
408|241,2
415|177,11
429|153,9
443|85,20
452|67,18
487|236,4
497|70,30
505|97,21
542|37,30
543|20,43
546|36,30
557|131,12
577|98,10
590|66,31
598|216,56
602|37,2
603|114,12
619|74,4
635|38,3
637|100,66
642|54,33
651|137,22
695|119,13
717|41,2
732|101,42
745|96,10
748|206,26
758|90,9
784|119,11
791|145,21
793|183,3
802|86,8
821|191,22
830|217,3
851|91,38
875|243,41
898|114,21
909|34,32
926|164,56
927|67,20
942|18,44
949|48,38
956|17,44
961|81,8
967|75,1
982|246,56
984|183,41
986|103,43
994|144,10
1018|88,27
1020|96,4
1030|200,27
1032|117,17
1039|209,4
1053|80,42
1055|208,38
1080|188,38
1083|231,26
1100|73,51
1156|165,50
1167|48,10
1169|211,60
1210|102,37
1217|181,48
1227|220,4
1262|181,56
1270|81,65
1283|198,48
1326|166,39
1329|18,53
1334|49,59
1345|180,11
1364|129,29
1374|196,11
1379|243,22
1380|17,35
1392|198,4
1395|51,21
1404|149,41
1413|147,68
1431|215,8
1436|250,4
1443|36,19
1452|34,42
1460|147,43
1465|133,34
1470|34,49
1490|139,11
1493|36,4
1495|117,34
1510|251,40
1511|250,56
1527|58,35
1529|74,31
1552|88,45
1553|64,32
1558|58,30
1570|23,10
1573|167,3
1583|87,28
1586|34,29
1619|49,5
1623|83,23
1630|144,4
1643|39,45
1646|129,54
1678|44,23
1681|89,52
1706|200,29
1712|55,31
1741|200,26
1745|138,40
1755|65,47
1765|80,1
1790|227,3
1802|201,17
1834|134,28
1836|41,4
1860|193,48
1862|124,56
1918|165,28
1925|132,46
1946|72,61
1948|16,5
1952|66,30
1961|46,37
1995|122,44
2001|231,3
2006|114,40
2008|66,42
2018|243,42
2047|38,52
2107|56,23
2110|66,54
2121|101,8
2122|70,1
2125|24,49
2131|145,25
2141|70,27
2151|167,29
2157|80,16
2159|212,60
2209|228,56
2211|128,18
2219|163,50
2220|167,34
2230|34,30
2239|50,49
2248|103,11
2260|84,23
2261|38,27
2270|64,60
2275|119,38
2325|197,42
2337|99,43
2350|166,27
2351|83,3
2363|180,8
2382|152,42
2477|25,27
2502|184,56
2516|74,32
2536|145,16
2568|151,28
2591|149,43
2609|37,45
2632|231,21
2638|17,42
2697|219,29
2718|85,8
2725|199,8
2734|160,42
2752|128,27
2760|208,24
2781|74,54
2844|141,9
2872|129,50
2875|65,50
2879|82,3
2880|22,54
2885|53,23
2887|224,42
2889|71,57
2891|215,4
2894|35,28
2901|209,14
2918|148,21
2934|98,27
3000|136,2
3007|37,25
3014|26,33
3026|215,18
3029|100,21
3048|137,4
3061|247,23
3064|97,13
3067|80,3
3069|22,9
3120|241,17
3162|58,60
3178|244,8
3207|82,44
3215|182,28
3216|172,11
3222|22,31
3236|81,23
3242|86,44
3255|112,42
3276|18,68
3283|196,14
3294|67,6
3303|96,14
3310|116,11
3314|43,27
3344|134,9
3347|233,4
3348|244,23
3356|34,7
3364|101,50
3365|72,30
3371|19,12
3390|18,62
3391|192,11
3404|50,12
3408|116,68
3410|133,11
3414|36,3
3415|41,28
3417|85,48
3421|224,17
3425|46,45
3426|51,39
3428|148,53
3440|161,40
3450|20,32
3453|103,8
3473|101,38
3479|49,10
3501|37,8
3503|52,33
3507|244,60
3511|114,11
3516|163,22
3527|84,25
3528|77,45
3534|145,39
3549|82,60
3552|98,2
3554|137,6
3555|113,39
3560|34,37
3571|165,27
3572|19,15
3586|19,3
3599|225,42
3600|161,18
3610|81,46
3612|83,1
3613|68,25
3614|177,10
3624|71,23
3633|56,47
3635|50,27
3643|120,42
3650|160,34
3655|116,29
3657|113,48
3664|182,21
3674|34,25
3685|153,62
3691|146,2
3699|140,17
3701|231,2
3708|154,40
3733|25,54
3734|25,50
3737|56,27
3746|163,54
3756|101,32
3762|102,26
3763|39,63
3764|52,31
3769|179,37
3773|88,36
3792|150,8
3800|164,3
3805|43,45
3813|197,24
3816|204,26
3820|145,3
3822|184,9
3827|182,14
3847|244,42
3851|70,64
3852|73,14
3855|35,48
3862|147,3
3879|49,45
3900|18,54
3915|66,7
3919|22,40
3928|99,27
3950|209,17
3954|231,42
3963|130,4
3967|247,8
3970|53,46
3972|120,11
3973|104,47
3983|51,47
3993|211,48
3995|128,38
3998|216,21
3999|52,7
4004|40,34
4006|24,36
4026|55,47
4028|19,25
4049|144,16
4050|211,11
4059|236,24
4062|117,21
4101|35,8
4106|184,24
4113|153,57
4121|36,62
4124|251,2
4136|67,30
4138|78,9
4141|115,68
4144|171,62
4160|71,9
4176|16,9
4187|56,4
4203|170,11
4206|133,57
4210|103,12
4212|101,39
4220|73,31
4238|23,33
4242|81,37
4247|81,24
4249|181,57
4285|211,3
4294|157,1
4297|130,8
4304|21,45
4309|37,10
4316|97,36
4320|54,27
4341|20,63
4343|247,42
4351|101,68
4368|121,68
4370|184,8
4390|183,24
4401|16,4
4416|215,11
4418|193,24
4419|101,54
4420|236,3
4431|19,54
4433|134,46
4436|101,11
4449|66,34
4458|66,25
4459|29,34
4468|45,57
4479|84,6
4492|163,24
4501|35,24
4502|52,10
4507|18,25
4515|17,3
4523|123,57
4534|179,9
4546|74,47
4559|65,60
4569|113,6
4582|22,4
4584|134,68
4585|162,42
4597|214,24
4601|100,54
4614|251,10
4629|17,55
4633|22,48
4665|60,49
4680|115,46
4692|37,9
4700|126,8
4714|172,10
4715|20,1
4721|195,3
4727|199,56
4739|50,29
4756|138,2
4757|168,11
4761|63,47
4771|244,41
4773|96,34
4775|137,68
4781|198,37
4801|21,67
4802|163,3
4814|50,53
4822|165,16
4836|98,42
4837|204,48
4839|161,23
4847|82,57
4851|51,32
4855|183,42
4860|178,42
4861|197,26
4867|104,38
4870|87,11
4879|61,60
4886|17,52
4887|62,47
4898|164,34
4901|226,60
4908|170,50
4914|229,21
4923|183,9
4948|88,11
4959|91,36
4961|92,28
4972|180,10
4977|90,54
5000|83,36
5013|36,40
5019|21,37
5026|35,49
5034|178,17
5043|184,3
5047|73,47
5050|39,4
5057|187,27
5059|190,38
5065|46,34
5078|75,58
5109|115,9
5119|195,26
5127|232,8
5134|68,28
5136|17,41
5147|248,22
5152|231,60
5177|210,42
5179|104,13
5195|101,27
5198|146,3
5204|35,22
5211|102,9
5229|104,18
5235|41,67
5264|131,11
5272|195,16
5278|21,4
5282|119,68
5285|76,37
5309|180,9
5310|89,11
5317|67,64
5326|120,34
5327|129,48
5331|85,11
5336|83,28
5337|65,32
5344|211,26
5347|160,21
5348|133,17
5349|68,6
5374|64,30
5379|53,4
5406|16,60
5415|129,27
5426|60,31
5431|225,3
5449|155,8
5451|21,15
5462|16,29
5463|98,21
5465|161,21
5466|83,6
5495|177,23
5514|82,9
5564|65,16
5591|54,40
5596|96,46
5601|40,31
5613|245,40
5617|90,36
5618|131,27
5624|164,38
5625|136,40
5649|102,20
5656|246,17
5674|33,45
5690|65,14
5706|99,32
5708|194,26
5754|158,1
5755|118,62
5764|17,9
5774|147,9
5775|98,32
5794|161,3
5812|91,52
5818|244,10
5831|213,18
5834|250,23
5861|38,30
5862|120,62
5897|209,27
5899|34,6
5911|115,28
5924|84,33
5929|214,56
5942|34,27
5952|51,54
5963|102,57
5969|163,11
5971|99,42
5977|88,23
5979|250,40
5989|177,41
6003|43,14
6012|128,10
6038|121,40
6046|106,47
6048|26,36
6059|112,16
6074|48,56
6100|181,21
6109|49,62
6113|16,11
6119|41,57
6144|98,23
6145|52,38
6152|147,42
6159|114,44
6184|52,49
6189|230,18
6190|177,42
6196|57,38
6197|150,39
6198|52,35
6205|18,36
6208|18,64
6214|187,11
6219|132,47
6226|18,6
6234|32,20
6246|83,4
6249|65,52
6259|45,23
6264|20,54
6301|156,2
6318|232,2
6319|23,45
6331|115,17
6337|165,34
6340|163,26
6353|107,38
6367|85,54
6372|26,30
6373|82,24
6382|32,64
6391|42,2
6398|117,13
6407|114,6
6419|82,8
6422|182,62
6424|152,18
6449|76,21
6469|20,2
6470|38,44
6492|52,9
6493|218,29
6507|188,2
6517|148,54
6522|116,63
6530|117,5
6537|81,43
6552|225,40
6556|44,30
6557|19,23
6580|51,27
6583|231,8
6592|157,2
6595|149,57
6599|132,36
6600|91,23
6603|118,17
6609|32,43
6614|217,11
6616|22,46
6624|212,22
6628|24,9
6633|43,24
6636|50,33
6641|120,6
6648|134,8
6658|40,9
6664|21,2
6667|19,39
6684|81,29
6701|149,38
6710|118,38
6728|64,11
6748|144,28
6759|34,13
6771|21,24
6778|100,11
6806|100,13
6810|65,46
6814|66,10
6822|217,14
6830|17,47
6853|149,6
6854|166,3
6891|164,8
6902|173,28
6906|245,56
6911|68,33
6920|78,42
6923|153,1
6933|215,3
6943|113,26
6945|16,39
6962|41,11
6968|232,60
6976|98,53
6987|180,37
6989|166,11
6997|101,34
7002|81,33
7012|140,43
7013|107,27
7042|255,14
7065|66,37
7071|133,62
7079|146,18
7082|103,26
7090|165,24
7093|186,9
7100|108,26
7112|17,40
7120|115,26
7127|116,26
7156|179,11
7162|84,60
7168|22,27
7172|31,35
7183|53,13
7190|49,2
7192|161,11
7198|133,23
7203|116,4
7224|118,34
7225|80,26
7235|71,20
7244|97,27
7254|82,65
7257|65,26
7289|187,8
7296|118,26
7301|50,66
7305|18,31
7306|130,37
7324|206,24
7337|114,42
7369|84,3
7399|116,9
7401|65,44
7409|195,21
7417|35,45
7429|81,26
7451|151,16
7454|87,65
7459|178,3
7474|16,26
7475|32,41
7477|49,1
7478|71,54
7487|28,49
7492|194,3
7510|66,26
7524|20,18
7529|122,26
7553|67,26
7565|22,26
7569|172,16
7574|93,17
7576|120,44
7581|148,62
7588|56,30
7590|213,8
7598|241,10
7607|144,27
7623|138,17
7650|16,12
7651|165,29
7669|113,53
7685|213,40
7692|252,4
7718|97,44
7731|16,30
7735|35,17
7737|68,42
7739|18,26
7741|20,6
7792|121,26
7813|183,27
7823|117,4
7845|116,37
7858|104,26
7859|45,30
7860|69,26
7863|166,48
7878|171,17
7883|36,7
7895|19,38
7896|39,37
7899|145,63
7900|66,1
7908|64,26
7930|53,1
7933|82,26
7934|196,29
7943|36,2
7948|151,3
7950|33,16
7965|83,26
7977|132,29
7988|106,48
8006|106,26
8036|131,4
8037|169,14
8042|32,28
8050|253,2
8054|194,18
8064|129,21
8073|64,1
8081|53,64
8086|80,27
8107|96,20
8124|113,1
8129|89,28
8131|145,6
8143|117,26
8148|99,26
8179|65,54
8183|116,25
8190|68,35
8196|20,36
8220|135,17
8221|173,63
8245|98,13
8247|32,40
8266|248,17
8270|215,21
8271|39,19
8281|101,25
8289|218,3
8297|36,29
8328|69,32
8339|131,57
8356|69,9
8358|135,11
8361|117,6
8373|115,44
8384|96,23
8385|17,26
8389|99,12
8396|184,11
8400|129,16
8406|241,21
8426|69,14
8430|22,52
8431|56,20
8449|143,34
8453|177,9
8464|49,11
8472|68,21
8476|183,38
8477|18,30
8478|96,26
8482|101,31
8483|38,10
8493|81,6
8504|17,38
8506|240,21
8510|123,26
8528|102,31
8530|113,11
8573|146,11
8579|129,9
8604|254,4
8612|57,16
8616|33,19
8627|23,48
8636|150,23
8655|66,9
8657|139,48
8661|55,27
8664|25,2
8672|18,38
8690|117,12
8691|120,14
8699|151,58
8702|63,49
8720|54,35
8722|236,26
8726|36,24
8728|53,12
8731|20,58
8754|18,8
8756|133,27
8757|73,4
8763|193,29
8778|129,40
8801|173,17
8809|40,28
8818|54,31
8829|250,10
8847|197,22
8848|21,60
8871|64,4
8900|188,24
8910|41,17
8911|147,21
8939|45,45
8947|16,62
8952|22,30
8964|176,4
8976|35,37
8980|27,57
9023|117,37
9041|72,36
9048|83,43
9103|117,10
9107|33,27
9122|118,4
9134|100,17
9139|209,48
9148|53,16
9154|20,4
9156|131,17
9175|194,21
9192|67,12
9217|48,9
9224|19,60
9231|241,41
9237|219,11
9238|173,29
9268|82,16
9269|36,38
9270|99,3
9282|26,26
9307|181,41
9316|150,2
9317|209,21
9324|162,2
9344|23,42
9364|226,10
9375|147,13
9380|33,67
9381|97,48
9407|138,46
9422|165,62
9428|64,25
9430|56,16
9444|169,43
9468|128,60
9521|116,2
9526|117,42
9535|87,57
9542|161,2
9565|116,28
9568|85,17
9571|116,46
9581|23,36
9602|242,23
9613|83,61
9618|16,40
9620|97,12
9637|51,7
9642|66,33
9643|143,6
9644|69,18
9651|224,4
9652|120,10
9658|144,39
9660|153,48
9673|227,26
9684|181,2
9691|71,21
9693|233,60
9694|119,6
9703|57,27
9705|86,20
9712|26,23
9729|67,35
9730|22,10
9735|178,40
9737|37,46
9741|178,11
9750|21,33
9752|21,17
9773|221,4
9782|187,22
9784|136,34
9787|26,24
9789|139,40
9797|71,60
9801|165,41
9816|146,57
9818|48,60
9830|184,38
9835|92,45
9836|128,46
9842|68,4
9870|104,25
9873|136,42
9875|87,25
9885|253,26
9887|80,6
9890|81,38
9892|47,49
9905|59,17
9910|137,56
9912|42,27
9919|66,57
9920|99,20
9932|86,38
9946|68,13
9948|18,1
9955|25,34
9983|100,39
9990|195,4
9992|220,18
9994|119,26
10011|100,46
10012|50,7
10018|134,40
10022|22,53
10041|42,30
10050|80,38
10054|148,11
10058|72,10
10074|37,24
10081|200,24
10086|65,53
10090|35,29
10103|25,17
10105|114,18
10111|41,26
10112|197,41
10113|139,9
10114|179,54
10131|84,16
10136|50,28
10141|86,65
10146|165,2
10153|21,30
10168|172,34
10175|50,39
10185|169,2
10190|246,21
10203|113,38
10206|210,27
10212|80,25
10245|218,14
10255|24,43
10259|151,1
10272|250,2
10276|134,3
10294|92,52
10298|123,44
10311|65,36
10312|65,48
10313|72,35
10326|248,10
10363|170,10
10388|105,9
10390|209,60
10395|182,10
10396|76,1
10399|122,50
10411|100,43
10419|173,34
10427|77,40
10430|176,18
10468|55,10
10490|99,2
10496|121,39
10498|140,11
10524|32,32
10528|18,20
10530|182,3
10538|166,28
10539|243,23
10556|34,34
10566|245,4
10572|112,28
10577|114,38
10589|64,8
10625|47,6
10627|199,27
10641|101,63
10648|23,46
10657|122,9
10672|77,42
10674|66,64
10675|148,1
10680|169,28
10682|187,56
10690|119,46
10723|99,25
10739|149,48
10753|134,12
10757|195,11
10775|162,22
10803|135,42
10822|216,24
10846|49,68
10856|131,34
10866|210,22
10887|98,46
10892|16,36
10913|213,38
10926|210,11
10945|164,28
10960|20,52
10961|67,8
10965|145,40
10966|87,9
10981|49,37
10993|105,11
11002|16,50
11005|234,26
11028|35,30
11031|72,57
11034|119,22
11043|87,17
11052|135,54
11053|56,39
11061|69,33
11088|18,2
11115|93,9
11117|33,41
11146|112,3
11150|123,40
11151|18,4
11156|18,9
11191|55,68
11193|120,1
11203|80,18
11210|105,25
11222|183,28
11223|69,31
11242|44,35
11277|53,60
11280|54,16
11286|74,21
11288|36,28
11298|67,65
11299|87,23
11300|71,17
11303|35,1
11382|130,12
11388|37,48
11391|165,48
11395|64,23
11411|179,21
11414|35,39
11434|130,17
11437|137,17
11443|160,11
11449|33,66
11495|114,26
11501|35,31
11515|41,23
11525|34,9
11539|226,42
11541|50,31
11552|53,49
11557|88,65
11577|18,58
11583|145,13
11600|229,24
11608|228,2
11619|35,42
11642|81,13
11643|212,48
11645|34,45
11650|71,40
11669|54,32
11678|68,32
11682|230,2
11696|85,28
11699|19,64
11738|114,4
11742|41,29
11782|73,35
11795|130,60
11798|55,16
11806|36,44
11808|81,2
11814|56,17
11861|112,13
11882|113,34
11887|171,10
11889|53,2
11891|35,47
11897|100,31
11931|67,7
11934|192,41
11962|113,27
11977|84,4
11981|23,53
11987|176,11
12037|35,57
12039|132,12
12042|185,42
12076|19,55
12108|71,30
12112|32,45
12121|233,50
12160|86,52
12173|18,59
12183|209,11
12186|24,45
12189|181,27
12193|19,49
12204|19,35
12225|162,46
12265|66,32
12280|97,53
12287|19,57
12293|169,11
12312|57,30
12318|49,6
12319|53,50
12328|51,31
12340|117,68
12349|53,48
12364|39,6
12368|124,29
12385|17,1
12386|49,16
12390|64,5
12409|51,18
12421|160,38
12422|20,45
12452|188,22
12456|45,34
12458|116,44
12485|231,41
12496|38,65
12505|136,6
12512|20,20
12521|202,17
12533|101,37
12547|86,3
12551|85,1
12555|53,5
12564|233,26
12565|37,11
12578|227,60
12591|56,6
12595|135,34
12597|48,3
12598|40,11
12603|68,20
12612|235,23
12624|49,39
12631|51,1
12644|131,39
12646|70,20
12651|232,41
12675|117,40
12686|75,57
12691|150,16
12701|81,22
12710|42,34
12723|164,48
12724|39,29
12735|229,42
12755|193,38
12756|34,14
12760|211,17
12810|35,40
12814|117,24
12827|82,13
12831|186,3
12846|67,57
12850|33,33
12851|226,22
12854|192,29
12893|67,25
12894|90,27
12897|41,24
12898|227,48
12899|130,40
12901|88,38
12916|119,44
12954|71,32
12955|83,29
12956|38,31
12965|52,6
12967|84,12
12973|50,59
12982|146,39
12985|101,4
12988|140,24
12998|120,47
13006|120,29
13019|19,2
13022|75,51
13042|67,68
13076|66,24
13100|83,16
13108|77,52
13116|148,39
13127|132,56
13129|149,13
13133|68,27
13135|131,54
13145|27,35
13147|144,12
13158|127,8
13160|33,34
13190|71,68
13213|81,44
13222|117,16
13234|22,7
13256|106,32
13265|117,11
13274|68,36
13295|70,54
13310|89,54
13343|225,10
13381|88,28
13389|138,24
13408|166,62
13417|101,23
13419|69,17
13425|193,50
13463|83,35
13468|17,54
13481|33,42
13487|69,34
13488|162,3
13489|162,34
13492|68,62
13498|208,41
13504|52,32
13512|165,38
13559|23,30
13564|67,42
13568|16,8
13577|34,47
13587|180,27
13588|84,8
13590|165,63
13606|35,34
13608|194,42
13610|116,39
13648|31,34
13666|85,61
13667|150,40
13675|87,37
13698|217,18
13722|43,34
13725|51,19
13755|32,33
13764|81,57
13787|218,24
13788|23,50
13794|16,33
13805|151,11
13834|149,42
13839|93,50
13862|134,23
13864|16,13
13870|247,22
13871|96,27
13874|119,9
13876|35,6
13941|69,42
13944|166,22
13949|136,54
13964|240,50
13965|17,45
13977|104,57
14006|129,8
14030|129,37
14034|118,27
14039|81,18
14042|151,42
14049|193,54
14079|26,27
14098|161,54
14101|72,51
14107|59,30
14111|21,41
14125|32,55
14128|149,3
14131|144,60
14132|25,48
14159|85,4
14160|33,57
14189|27,49
14214|121,34
14216|114,53
14221|128,40
14243|171,34
14261|19,67
14262|21,3
14263|211,27
14276|200,54
14281|49,55
14316|68,34
14340|193,8
14345|19,33
14354|137,62
14366|179,14
14381|35,18
14382|23,57
14406|17,24
14412|176,38
14413|228,4
14418|117,22
14444|164,16
14449|18,13
14450|69,64
14465|185,41
14470|131,36
14476|89,36
14480|40,40
14484|112,18
14507|150,18
14530|147,4
14531|52,16
14534|114,56
14550|194,27
14560|225,17
14561|161,56
14564|19,20
14572|29,50
14605|49,21
14614|133,50
14617|32,7
14627|98,35
14634|67,28
14640|52,61
14642|115,13
14672|87,52
14676|83,25
14684|22,43
14689|25,10
14715|253,4
14732|69,21
14741|177,38
14743|209,38
14758|163,48
14759|64,34
14763|32,56
14764|28,47
14798|145,23
14818|101,20
14822|180,16
14825|88,55
14826|130,34
14827|116,40
14830|136,4
14838|164,27
14840|130,3
14846|162,50
14877|162,41
14883|133,36
14884|174,10
14890|66,20
14895|77,9
14939|96,32
14949|164,62
14974|49,15
14975|68,48
15000|64,28
15001|129,46
15025|19,52
15037|38,42
15044|81,60
15047|55,50
15072|36,57
15090|70,16
15114|146,43
15119|35,4
15197|66,36
15202|199,2
15212|184,57
15221|132,57
15233|48,37
15236|182,42
15245|85,50
15246|195,8
15251|148,34
15265|97,33
15270|117,28
15273|33,20
15287|103,10
15289|32,42
15306|40,29
15314|179,10
15316|21,25
15319|33,12
15328|80,21
15348|37,42
15360|212,18
15361|36,21
15366|209,24
15375|16,44
15396|86,28
15424|163,34
15428|119,56
15449|113,20
15459|226,21
15471|183,56
15474|121,57
15484|146,60
15486|102,3
15507|52,19
15538|113,54
15540|38,6
15541|79,52
15544|170,48
15550|82,31
15572|83,44
15603|24,38
15612|128,37
15618|45,37
15624|33,38
15634|111,47
15652|68,7
15662|58,50
15663|115,42
15669|53,47
15679|130,9
15686|163,16
15688|53,42
15708|23,25
15710|74,10
15726|20,55
15732|87,54
15757|113,21
15758|41,44
15776|148,42
15785|182,22
15787|140,62
15813|167,38
15825|83,13
15844|18,29
15855|209,40
15876|216,48
15882|95,28
15898|215,14
15900|136,17
15901|129,12
15917|23,17
15966|65,30
15967|160,8
15973|120,56
15980|48,16
15992|112,10
16003|180,21
16007|116,60
16018|67,2
16054|84,13
16055|72,45
16056|65,1
16073|149,9
16074|67,45
16087|25,35
16097|51,68
16112|41,12
16123|116,34
16149|118,13
16160|97,39
16163|34,65
16178|51,53
16186|101,21
16201|49,34
16202|193,11
16225|50,34
16241|238,4
16244|37,68
16246|37,54
16282|49,66
16286|57,20
16292|125,1
16295|49,20
16306|23,35
16311|195,41
16322|186,22
16327|96,13
16337|26,6
16345|32,34
16362|210,4
16414|193,26
16449|50,2
16456|119,8
16460|50,18
16486|178,57
16488|57,7
16496|33,44
16510|122,40
16535|48,4
16536|234,41
16541|131,42
16549|131,40
16554|82,6
16557|209,42
16589|86,25
16618|92,60
16661|167,21
16693|54,45
16703|90,35
16708|198,21
16723|182,39
16724|148,4
16725|53,6
16738|247,4
16743|34,52
16760|202,2
16764|86,47
16774|45,68
16779|164,10
16792|232,3
16809|135,47
16812|34,28
16814|171,63
16821|19,44
16823|54,11
16830|146,21
16848|169,37
16850|37,4
16901|136,9
16905|162,28
16913|158,62
16920|164,21
16921|68,23
16930|185,2
16974|49,32
16997|182,37
17004|64,21
17014|76,45
17045|150,63
17063|214,3
17124|74,9
17130|84,44
17134|178,9
17135|20,64
17143|178,56
17171|164,54
17200|206,17
17201|118,22
17208|84,35
17211|38,34
17243|37,35
17248|17,29
17270|60,20
17290|19,21
17310|128,11
17311|130,22
17323|123,56
17328|213,56
17336|67,13
17340|43,2
17349|76,24
17360|163,56
17364|139,43
17372|234,23
17381|22,6
17383|84,29
17414|104,27
17415|210,10
17419|81,3
17425|121,6
17427|53,28
17437|19,48
17438|97,38
17453|55,12
17474|56,12
17482|166,63
17499|121,42
17509|81,5
17522|155,9
17526|119,62
17539|17,10
17541|51,40
17543|59,49
17558|149,16
17587|19,29
17600|99,11
17636|24,34
17638|69,5
17644|41,9
17646|120,57
17677|85,68
17708|85,2
17716|19,63
17720|116,48
17731|105,8
17741|126,29
17745|228,18
17747|162,53
17750|148,50
17756|155,40
17757|212,41
17784|112,39
17797|57,31
17803|120,8
17816|138,4
17817|39,44
17818|24,42
17821|145,28
17855|246,2
17868|123,8
17888|217,56
17915|67,53
17930|198,2
17941|113,47
17943|51,52
17947|150,34
17949|243,50
17953|26,39
17972|242,60
17990|86,9
17991|51,5
17993|123,39
17999|73,32
18003|66,12
18042|101,9
18043|90,52
18050|255,4
18071|22,24
18076|96,28
18077|150,42
18079|196,48
18107|153,42
18121|55,20
18128|35,2
18141|32,6
18144|165,46
18148|112,21
18165|16,3
18181|30,35
18183|96,1
18184|32,10
18193|65,37
18196|98,48
18218|65,63
18232|34,4
18239|17,34
18240|25,49
18243|100,9
18300|28,36
18301|25,39
18306|224,60
18322|53,24
18323|215,2
18338|209,23
18349|115,37
18390|42,44
18427|149,27
18441|39,11
18443|67,10
18449|77,35
18451|150,28
18469|48,46
18475|178,60
18487|139,17
18509|65,38
18518|180,3
18520|51,10
18527|197,11
18529|101,10
18539|135,68
18542|144,3
18553|48,30
18558|73,42
18568|101,26
18570|69,45
18571|33,51
18576|149,62
18585|94,9
18591|26,38
18592|89,65
18595|136,56
18615|163,21
18617|187,48
18620|35,55
18627|229,56
18631|103,27
18648|133,43
18665|163,39
18672|38,2
18673|66,45
18689|69,58
18692|164,12
18697|195,24
18714|114,24
18718|166,24
18729|57,21
18731|54,36
18737|145,24
18748|122,37
18781|107,39
18795|130,25
18813|219,18
18822|113,55
18831|36,23
18838|131,22
18840|116,22
18842|172,63
18858|70,35
18859|85,45
18861|244,21
18869|48,40
18891|186,41
18942|83,12
18946|161,62
18948|72,28
18968|151,48
18980|83,31
18993|33,13
18994|248,38
18995|150,54
18997|183,17
19002|117,8
19010|88,37
19023|122,34
19047|33,25
19055|86,13
19059|45,6
19062|141,11
19064|163,42
19069|236,23
19074|219,4
19077|246,24
19090|144,14
19108|65,42
19119|171,46
19149|81,34
19155|208,21
19159|152,9
19166|71,35
19194|19,53
19197|186,42
19199|248,8
19204|65,35
19226|114,20
19228|150,17
19241|168,34
19245|171,16
19251|145,4
19255|98,56
19260|16,16
19262|179,2
19268|98,44
19293|67,3
19296|152,62
19316|151,27
19335|163,38
19349|183,29
19351|33,29
19361|51,4
19364|116,3
19393|195,37
19396|36,1
19398|81,50
19425|103,25
19426|112,29
19440|55,28
19443|132,42
19471|96,22
19490|83,68
19494|98,34
19509|48,14
19515|132,1
19516|212,38
19518|254,14
19534|180,60
19557|114,39
19569|97,3
19571|147,6
19584|109,48
19601|247,14
19623|112,46
19626|187,42
19645|90,38
19668|33,26
19669|102,5
19673|39,31
19681|70,32
19686|74,1
19699|177,27
19706|169,39
19728|104,39
19731|117,48
19734|19,58
19761|101,44
19775|145,27
19786|36,67
19795|180,2
19823|66,52
19825|240,17
19867|65,9
19872|21,32
19873|62,60
19884|72,9
19888|245,10
19892|189,56
19893|67,56
19897|87,38
19899|171,48
19901|194,37
19926|33,48
19971|160,10
19992|168,28
20001|100,3
20004|18,3
20025|99,28
20041|66,35
20054|33,40
20067|53,10
20070|74,60
20071|21,35
20078|152,11
20083|98,11
20098|85,5
20171|209,10
20192|50,57
20193|68,52
20221|83,5
20245|183,8
20253|66,40
20288|69,35
20296|169,27
20321|65,68
20341|210,3
20347|116,62
20358|30,57
20359|130,1
20383|21,55
20384|87,35
20389|82,34
20408|100,33
20409|113,68
20411|24,40
20413|68,26
20419|19,28
20425|241,42
20432|144,38
20446|197,56
20455|152,23
20456|44,27
20480|99,46
20483|24,35
20488|82,35
20494|245,2
20501|71,52
20508|17,4
20510|66,19
20533|50,36
20534|244,56
20538|70,60
20575|140,34
20576|233,3
20599|52,37
20607|183,16
20621|223,4
20631|135,3
20635|121,62
20652|48,21
20663|176,42
20675|19,9
20677|116,27
20679|28,43
20690|48,17
20694|89,23
20706|106,13
20725|134,36
20729|152,8
20730|88,52
20736|69,16
20767|100,32
20769|176,8
20773|113,29
20785|20,3
20809|51,57
20810|66,2
20816|96,60
20817|165,43
20820|198,40
20838|53,68
20844|32,26
20851|42,6
20872|23,27
20874|161,4
20881|167,22
20888|69,28
20892|242,41
20893|48,25
20899|199,54
20910|34,67
20918|85,65
20920|109,13
20927|61,49
20973|217,27
20992|37,49
20994|41,27
20997|64,13
21001|119,24
21002|57,45
21005|89,55
21008|26,25
21012|167,43
21019|247,10
21024|82,10
21025|54,24
21069|97,24
21071|230,8
21080|66,47
21088|188,56
21112|149,1
21124|145,56
21134|72,68
21144|166,43
21147|242,2
21148|181,9
21158|131,28
21213|96,11
21249|69,25
21252|113,46
21267|102,42
21271|196,2
21272|189,42
21276|88,8
21277|36,13
21282|55,7
21297|152,34
21315|37,31
21349|66,66
21351|38,32
21356|244,4
21360|33,4
21362|121,13
21365|43,30
21388|130,38
21399|107,8
21445|213,22
21454|132,11
21459|148,43
21480|112,60
21482|212,2
21488|232,26
21495|67,50
21511|72,23
21515|68,64
21567|39,8
21590|64,58
21593|50,15
21596|146,56
21597|50,35
21631|195,48
21646|57,6
21649|135,40
21650|177,18
21661|43,19
21670|70,34
21699|34,15
21708|55,35
21709|25,24
21725|146,25
21735|240,42
21772|220,29
21787|53,35
21814|83,34
21862|20,35
21864|101,57
21887|182,17
21894|197,54
21919|49,53
21923|118,12
21925|17,57
21926|139,24
21928|45,50
21946|82,51
21954|40,30
21956|105,46
21967|117,57
21971|218,56
21995|181,42
22013|22,3
22027|43,31
22086|99,29
22092|177,2
22096|20,26
22098|199,29
22102|19,42
22108|145,68
22126|98,62
22131|36,45
22132|26,54
22145|101,17
22171|98,38
22185|32,29
22193|178,10
22198|166,46
22206|147,40
22211|213,4
22250|129,36
22252|36,37
22277|219,2
22278|34,35
22281|208,42
22291|151,6
22308|20,49
22314|36,55
22320|186,27
22326|86,4
22339|208,3
22341|181,8
22346|88,50
22348|55,32
22349|137,11
22359|196,24
22364|40,42
22367|19,62
22383|97,11
22385|121,17
22398|165,10
22400|45,44
22427|49,42
22430|192,10
22433|18,43
22443|48,20
22458|210,18
22468|16,37
22470|235,24
22481|97,29
22484|247,2
22487|106,10
22488|179,29
22489|53,51
22522|21,31
22553|20,34
22557|86,58
22562|113,12
22567|182,48
22569|181,14
22586|38,29
22587|118,44
22599|78,35
22625|212,29
22630|52,45
22631|218,27
22638|176,21
22642|17,6
22644|177,29
22645|73,30
22646|135,9
22647|38,12
22668|40,17
22671|36,35
22693|133,48
22695|133,1
22701|76,9
22720|74,35
22732|20,31
22744|132,4
22750|245,24
22759|228,3
22780|164,46
22783|82,27
22791|50,21
22808|48,52
22816|84,2
22819|39,15
22840|194,40
22851|132,6
22854|37,44
22914|36,25
22927|104,48
22954|99,59
22962|120,46
22984|20,41
22995|48,47
23002|128,13
23014|206,54
23019|19,50
23045|42,35
23049|71,12
23055|140,9
23057|85,35
23060|146,4
23081|242,17
23087|131,53
23105|232,18
23127|26,18
23138|181,3
23148|26,43
23152|120,37
23153|190,22
23156|81,31
23157|48,29
23186|19,40
23187|145,54
23188|66,53
23204|42,39
23206|102,43
23208|120,41
23215|22,60
23221|187,17
23251|21,6
23257|57,60
23276|99,34
23285|29,25
23293|52,4
23305|176,14
23330|16,25
23338|87,36
23346|39,30
23348|114,3
23368|194,8
23397|34,41
23402|132,58
23406|71,45
23410|52,22
23448|94,17
23450|112,38
23452|17,2
23460|137,46
23461|40,47
23477|21,62
23480|128,42
23493|83,27
23494|146,16
23506|216,60
23516|102,46
23517|69,3
23537|49,54
23550|65,10
23551|36,8
23557|67,17
23558|153,39
23566|146,63
23569|105,26
23572|50,32
23579|199,24
23600|32,21
23642|16,58
23647|187,29
23653|26,61
23656|82,20
23672|152,27
23676|55,37
23695|210,40
23697|17,46
23699|227,4
23709|196,8
23715|37,39
23759|38,48
23761|56,45
23770|155,48
23776|56,19
23799|149,58
23801|166,6
23815|168,37
23817|17,25
23819|229,18
23825|72,34
23832|155,38
23837|165,39
23841|237,26
23842|229,8
23844|164,63
23848|34,33
23854|125,8
23860|43,28
23867|147,63
23874|96,41
23878|179,16
23893|122,57
23896|121,24
23897|58,28
23920|241,22
23925|92,36
23928|34,44
23940|84,38
23949|108,11
23954|105,32
23960|50,6
23968|20,37
23972|106,39
23999|72,62
24001|21,36
24018|91,54
24021|145,42
24048|82,2
24056|52,52
24060|182,8
24062|59,31
24097|192,14
24103|18,12
24107|67,21
24108|212,3
24117|78,52
24119|167,37
24132|50,44
24157|254,26
24158|192,8
24163|243,10
24194|68,65
24196|34,46
24226|57,35
24232|241,60
24240|217,4
24244|71,10
24247|33,52
24261|167,48
24265|220,3
24269|37,37
24273|153,23
24289|56,57
24315|85,15
24316|46,44
24369|124,13
24374|190,2
24401|178,2
24468|158,40
24474|177,63
24477|27,6
24485|36,11
24487|91,35
24513|67,54
24517|216,22
24522|128,16
24535|84,10
24538|144,42
24541|228,24
24548|48,1
24581|218,4
24590|115,53
24595|67,16
24601|211,18
24609|205,54
24619|53,27
24621|76,48
24647|16,6
24648|197,48
24663|87,10
24671|80,34
24672|149,39
24707|53,7
24710|42,29
24713|16,19
24722|147,2
24723|68,57
24754|114,8
24761|23,43
24781|88,35
24783|76,35
24784|163,28
24799|65,51
24853|133,2
24874|21,9
24903|51,62
24920|68,17
24929|37,63
24933|33,46
24937|42,23
24938|72,67
24946|156,40
24949|51,30
24956|81,16
24959|178,54
24961|183,57
24963|50,45
24987|48,8
24990|124,39
24991|162,43
25003|115,27
25010|224,21
25022|153,11
25025|24,14
25031|25,25
25038|101,46
25060|95,9
25069|114,22
25075|20,9
25080|115,14
25089|125,13
25105|36,49
25106|74,45
25107|69,10
25128|114,27
25129|170,34
25131|38,8
25141|155,50
25158|160,16
25166|64,50
25170|38,23
25191|106,46
25196|104,29
25203|54,30
25207|220,14
25227|231,24
25231|50,46
25236|129,4
25244|65,2
25249|243,24
25250|76,52
25272|83,54
25274|100,68
25277|39,57
25281|147,18
25287|33,8
25294|107,13
25306|51,58
25310|221,3
25316|181,37
25317|178,27
25326|88,60
25385|73,48
25389|156,8
25421|17,12
25426|177,14
25438|210,56
25440|66,27
25446|52,27
25448|81,62
25487|34,17
25494|76,42
25506|175,11
25533|180,48
25536|117,27
25540|168,56
25541|181,16
25549|110,11
25572|97,35
25573|148,58
25574|32,65
25576|148,9
25590|64,62
25615|168,63
25621|39,12
25622|178,8
25626|120,68
25633|113,57
25641|165,60
25652|92,11
25662|77,48
25679|68,10
25684|84,15
25685|97,8
25693|69,40
25724|97,62
25728|32,12
25775|51,28
25783|150,3
25784|102,44
25797|116,16
25821|38,45
25829|53,29
25830|74,23
25832|198,26
25837|145,60
25839|48,39
25841|81,48
25842|98,54
25855|29,57
25879|64,37
25900|146,68
25904|24,28
25905|41,34
25918|19,27
25937|70,48
25939|225,56
25963|84,9
25968|66,65
25984|36,15
25989|86,36
25995|232,38
25996|98,24
26003|147,34
26017|149,2
26018|114,54
26047|100,57
26049|34,54
26051|141,24
26061|177,62
26076|214,29
26078|36,63
26084|42,67
26085|212,11
26094|37,15
26095|132,34
26099|170,39
26118|73,6
26152|137,48
26155|114,36
26158|103,20
26159|81,12
26161|16,41
26170|99,4
26178|75,54
26181|68,8
26187|26,2
26199|148,27
26200|82,11
26229|201,40
26232|128,12
26238|148,23
26243|64,9
26256|24,41
26261|100,28
26295|35,46
26296|80,62
26299|28,25
26304|43,37
26305|217,29
26307|180,24
26309|34,55
26320|53,40
26324|226,40
26337|23,32
26345|154,2
26346|19,37
26367|90,65
26420|86,57
26426|86,23
26446|179,18
26457|27,47
26494|69,30
26497|157,40
26508|180,39
26509|169,50
26522|166,2
26529|114,2
26531|57,57
26537|100,2
26541|58,17
26542|200,41
26545|252,40
26574|166,12
26590|101,35
26592|35,54
26610|250,26
26612|179,8
26613|148,26
26617|115,2
26618|71,34
26630|40,4
26642|224,8
26645|18,49
26650|71,26
26654|23,26
26655|33,21
26660|113,3
26664|42,11
26667|70,18
26681|128,1
26692|55,17
26709|32,2
26710|42,37
26732|34,53
26772|21,7
26774|230,41
26782|57,23
26784|66,55
26791|96,43
26807|24,39
26810|72,52
26813|192,38
26814|131,18
26829|89,47
26834|249,40
26851|67,11
26856|227,18
26857|113,18
26865|130,57
26867|98,36
26870|27,33
26871|148,6
26895|64,27
26900|151,9
26904|205,48
26906|102,59
26937|72,1
26940|150,24
26959|88,57
26961|36,65
26968|195,22
26969|35,3
26984|33,15
26985|54,37
27010|139,2
27021|43,67
27024|129,3
27030|52,51
27046|60,38
27050|70,21
27053|25,38
27062|25,41
27071|50,63
27075|97,4
27078|227,42
27079|154,9
27089|240,41
27094|94,45
27138|93,45
27140|146,23
27145|221,11
27150|148,48
27156|34,56
27159|52,29
27175|29,38
27178|144,2
27179|219,17
27181|218,22
27205|32,3
27206|119,41
27211|227,24
27218|18,22
27242|198,27
27248|214,18
27252|255,2
27256|70,31
27282|198,24
27283|50,37
27286|98,37
27317|69,52
27320|105,57
27321|192,3
27323|226,3
27329|145,10
27332|193,4
27349|32,5
27350|34,39
27355|52,53
27356|203,26
27370|179,28
27372|183,39
27407|112,34
27414|37,12
27462|52,54
27463|97,59
27477|54,39
27487|18,32
27488|82,40
27501|242,4
27510|107,48
27519|42,17
27521|33,32
27523|102,8
27553|101,18
27557|114,62
27597|81,54
27620|98,63
27638|22,42
27643|82,29
27648|170,28
27687|97,5
27688|146,27
27692|218,60
27697|254,40
27721|50,58
27730|147,11
27733|75,37
27761|144,26
27763|53,19
27767|244,22
27768|44,49
27769|21,57
27770|140,6
27771|26,49
27779|105,10
27781|163,8
27783|34,23
27787|121,8
27823|170,63
27824|151,63
27846|17,64
27854|193,60
27860|100,34
27862|18,7
27886|100,27
27887|55,6
27901|73,23
27908|72,18
27916|34,24
27926|117,56
27975|117,3
27989|234,50
28021|150,43
28047|38,21
28050|113,60
28060|151,38
28062|142,6
28080|48,41
28108|98,39
28109|95,35
28110|182,56
28117|70,26
28124|122,8
28125|123,48
28126|176,22
28138|25,33
28139|64,46
28151|34,31
28160|44,19
28168|177,48
28177|16,65
28197|28,42
28198|38,4
28204|112,43
28211|36,54
28241|80,28
28255|50,25
28256|138,9
28261|136,46
28265|244,40
28292|193,22
28298|80,8
28302|123,9
28309|147,26
28338|94,35
28351|122,13
28360|100,26
28362|211,40
28373|99,38
28394|80,23
28399|91,28
28403|138,34
28431|104,35
28436|25,9
28475|104,46
28483|115,41
28484|38,66
28487|89,50
28512|16,46
28513|115,40
28522|52,13
28530|49,40
28531|138,68
28535|56,5
28550|130,58
28583|42,1
28586|170,62
28588|69,57
28590|50,8
28592|17,68
28596|16,48
28605|54,8
28610|103,13
28613|220,11
28627|194,38
28631|73,10
28634|99,63
28640|110,26
28681|252,23
28682|158,2
28686|150,6
28717|183,48
28718|113,63
28724|200,8
28735|51,33
28738|66,63
28748|64,12
28764|78,45
28768|212,24
28775|51,51
28787|121,11
28794|227,22
28796|87,58
28805|53,31
28812|147,53
28815|139,46
28839|162,38
28847|122,48
28854|81,41
28856|80,46
28867|42,38
28884|118,9
28894|18,40
28895|238,24
28929|16,28
28932|121,46
28941|106,8
28955|71,53
28971|118,10
28978|59,23
28983|49,52
28992|198,41
28997|133,3
28998|121,9
29019|43,57
29020|71,31
29022|230,4
29025|152,38
29032|137,9
29035|80,41
29042|124,17
29044|54,21
29051|67,51
29074|34,3
29080|184,27
29083|113,56
29086|50,65
29090|64,44
29094|211,4
29098|23,9
29101|184,17
29107|172,37
29110|162,57
29150|114,25
29196|150,38
29199|241,24
29226|83,7
29244|116,24
29255|64,36
29257|27,42
29272|162,62
29303|169,8
29308|80,2
29317|141,46
29327|132,68
29347|38,54
29358|179,41
29359|18,28
29362|166,17
29363|36,34
29376|179,27
29408|53,43
29414|244,2
29417|167,63
29419|17,30
29421|180,42
29427|32,30
29434|116,17
29441|74,36
29443|22,34
29453|66,61
29458|17,37
29465|209,26
29485|229,40
29487|68,1
29501|118,48
29507|35,27
29550|196,42
29564|24,67
29568|40,44
29573|133,56
29594|80,10
29601|48,65
29608|82,37
29630|135,56
29634|157,62
29641|121,48
29642|193,16
29653|71,6
29656|178,21
29686|145,53
29703|71,3
29733|100,41
29734|84,11
29755|112,2
29771|45,49
29778|79,35
29796|139,4
29801|134,56
29802|113,44
29803|131,23
29817|42,14
29867|71,18
29872|101,29
29895|177,40
29901|98,5
29904|56,50
29908|80,39
29918|227,8
29921|65,11
29928|180,38
29933|141,48
29955|181,38
29959|24,61
30005|83,40
30021|45,26
30033|217,24
30068|33,11
30076|196,21
30079|178,63
30082|43,50
30096|168,38
30123|132,28
30126|247,40
30127|85,6
30128|133,9
30130|85,3
30133|53,20
30142|76,40
30148|23,47
30170|177,57
30192|115,6
30201|101,48
30203|43,44
30217|53,8
30268|55,18
30283|35,9
30284|16,20
30285|232,40
30301|65,17
30308|73,52
30314|86,27
30316|27,34
30323|81,11
30334|184,41
30339|116,8
30346|162,11
30348|32,13
30389|118,42
30399|154,50
30403|173,11
30404|246,42
30413|65,65
30414|16,1
30416|50,30
30418|146,28
30426|49,12
30428|87,31
30449|90,11
30455|84,54
30470|37,1
30472|33,6
30476|66,28
30485|212,56
30516|231,40
30517|244,24
30524|70,63
30542|146,10
30577|51,3
30582|39,35
30590|18,46
30625|84,27
30635|151,40
30642|151,34
30693|197,8
30698|98,4
30700|133,42
30703|40,27
30712|194,29
30730|92,57
30733|17,31
30760|174,37
30770|124,1
30788|50,41
30796|229,41
30802|96,21
30854|20,39
30859|98,41
30862|225,24
30883|48,6
30901|36,32
30904|218,17
30913|53,33
30919|177,16
30932|176,29
30940|106,43
30948|226,4
30959|143,11
30962|113,41
31006|120,12
31060|34,51
31070|104,32
31077|233,41
31079|73,36
31083|16,35
31105|49,65
31137|99,37
31139|147,57
31155|27,36
31157|64,65
31201|167,27
31215|214,38
31223|55,46
31231|188,11
31244|53,21
31251|86,50
31260|193,41
31298|108,43
31304|59,60
31308|130,18
31310|161,63
31312|106,57
31317|148,16
31352|33,35
31387|240,8
31389|118,56
31393|70,40
31394|82,67
31403|110,39
31404|115,21
31409|104,5
31412|27,50
31453|16,57
31454|134,2
31464|197,29
31470|100,42
31481|83,11
31486|172,46
31492|194,60
31493|41,45
31506|25,6
31526|164,39
31532|183,21
31577|248,2
31580|128,8
31598|99,54
31641|24,2
31655|133,46
31658|160,22
31684|253,40
31708|18,24
31710|96,39
31724|51,24
31733|103,59
31746|52,3
31749|117,41
31780|184,50
31783|144,50
31784|130,42
31797|99,5
31842|86,60
31848|151,50
31884|20,24
31885|108,27
31894|118,68
31900|97,42
31926|56,21
31931|92,9
31935|19,31
31940|131,8
31954|220,17
31960|177,39
31979|35,10
32010|102,25
32052|50,38
32053|96,62
32056|230,40
32061|214,14
32063|77,24
32066|57,40
32074|161,46
32075|124,8
32079|194,41
32100|56,42
32113|213,26
32124|16,15
32130|56,32
32151|162,10
32159|189,38
32168|230,42
32184|197,18
32186|36,58
32203|56,31
32218|33,22
32223|215,48
32224|56,51
32244|161,12
32248|32,39
32268|135,8
32308|19,14
32315|98,43
32324|72,31
32342|217,22
32361|59,28
32372|112,23
32384|161,27
32431|162,27
32451|102,63
32456|32,36
32457|39,47
32475|113,13
32481|119,17
32483|80,60
32488|139,34
32490|160,40
32501|75,23
32524|228,41
32536|54,6
32541|238,26
32584|18,52
32593|109,26
32596|82,33
32599|201,26
32600|111,39
32601|168,12
32602|196,41
32619|153,8
32625|51,35
32637|177,21
32652|74,42
32690|135,6
32691|68,37
32692|252,14
32710|82,38
32726|77,67
32728|50,11
32756|248,14
32759|48,27
32770|69,36
32773|168,21
32776|67,34
32809|119,34
32812|67,23
32834|97,23
32838|118,21
32854|135,36
32857|44,34
32864|59,20
32876|192,60
32890|131,9
32913|82,36
32917|81,9
32932|87,4
32934|97,10
32942|135,12
32949|65,33
32980|91,45
32994|179,23
33022|16,54
33036|22,67
33043|182,11
33052|108,23
33054|35,19
33069|55,67
33081|152,48
33084|29,42
33116|51,29
33124|115,62
33131|116,1
33136|58,38
33139|227,17
33144|71,16
33171|145,46
33179|70,36
33181|68,43
33187|179,62
33227|114,5
33230|49,48
33231|169,46
33237|129,41
33239|211,8
33261|131,21
33266|31,57
33269|193,10
33289|184,21
33290|67,9
33308|65,41
33336|89,45
33350|55,39
33358|134,17
33361|66,16
33364|130,53
33371|49,28
33374|242,21
33378|32,18
33379|171,12
33397|212,27
33406|64,43
33408|167,56
33413|90,57
33415|134,43
33440|35,65
33442|239,24
33445|69,20
33446|37,34
33451|65,25
33452|18,33
33464|103,48
33476|67,37
33480|216,18
33529|51,64
33548|55,5
33580|168,8
33587|137,12
33607|89,27
33609|194,48
33636|27,38
33640|180,41
33649|49,3
33664|150,9
33678|215,56
33685|52,47
33698|160,18
33735|92,54
33740|162,21
33744|131,3
33755|153,40
33756|237,41
33759|51,14
33760|115,54
33807|96,8
33811|181,23
33815|156,48
33823|119,37
33824|131,6
33857|53,56
33860|66,18
33871|82,41
33879|34,8
33886|162,37
33921|19,10
33947|228,40
33961|152,40
33971|199,37
34012|73,24
34025|22,2
34026|98,20
34032|72,21
34098|162,23
34104|30,34
34107|107,26
34111|189,22
34113|91,60
34118|119,48
34127|193,42
34138|142,34
34152|92,50
34165|216,29
34204|21,53
34207|50,55
34244|133,8
34249|49,49
34275|181,10
34312|133,6
34315|73,34
34316|20,10
34323|145,26
34393|229,10
34394|218,11
34466|51,41
34490|114,41
34493|129,28
34522|36,6
34525|100,10
34529|49,41
34537|131,29
34547|86,54
34556|226,56
34563|86,31
34593|46,47
34594|68,51
34604|64,2
34616|149,4
34619|192,42
34630|24,47
34639|91,57
34645|86,11
34649|88,31
34651|229,2
34662|23,39
34669|49,18
34684|179,24
34690|129,11
34693|81,53
34707|99,39
34746|185,3
34749|93,11
34770|135,29
34803|120,24
34809|145,48
34824|44,57
34851|186,17
34870|73,1
34881|33,37
34883|83,50
34907|25,26
34909|19,26
34947|87,45
34967|71,61
34980|24,27
34983|32,14
34984|27,24
34985|98,28
35014|184,48
35023|115,47
35040|44,37
35044|215,60
35046|52,23
35061|70,52
35062|16,68
35105|74,24
35112|214,60
35116|198,38
35117|17,59
35123|197,21
35144|211,56
35145|62,40
35180|50,42
35193|214,21
35207|42,24
35214|198,8
35221|144,37
35230|152,57
35237|19,68
35247|52,24
35254|21,48
35269|165,8
35316|83,57
35339|120,48
35351|204,54
35353|102,48
35370|17,5
35373|215,38
35450|34,63
35456|215,26
35465|68,3
35471|19,30
35491|49,29
35495|48,62
35496|49,50
35501|133,40
35508|134,4
35519|208,17
35550|83,55
35553|180,23
35561|29,49
35575|96,6
35597|138,43
35602|19,32
35604|91,55
35610|68,61
35616|70,4
35670|100,18
35684|193,17
35689|122,6
35695|116,21
35707|100,25
35731|94,50
35741|56,67
35764|252,26
35777|73,21
35792|105,48
35841|32,15
35860|26,34
35875|69,37
35882|195,42
35889|65,24
35893|97,25
35900|17,7
35903|102,10
35916|67,32
35922|114,13
35923|225,21
35932|185,48
35937|47,34
35970|199,41
35972|157,50
36028|144,13
36052|34,60
36057|214,11
36058|40,26
36062|69,24
36065|184,18
36066|196,38
36068|18,42
36099|147,41
36104|123,50
36105|233,24
36107|134,6
36118|128,34
36133|118,24
36172|146,54
36185|208,29
36208|114,10
36211|209,22
36214|68,45
36229|34,16
36245|51,46
36272|163,29
36290|152,37
36299|55,60
36302|84,20
36325|148,3
36347|65,22
36349|46,68
36353|20,68
36358|214,22
36371|61,50
36381|32,27
36389|89,10
36449|82,62
36458|167,39
36463|246,8
36465|46,26
36467|169,62
36522|17,48
36535|136,62
36560|65,64
36570|66,3
36572|166,21
36573|34,66
36578|66,4
36638|226,2
36641|161,8
36673|34,21
36680|129,42
36701|22,38
36702|185,9
36708|66,21
36709|18,10
36710|106,27
36716|115,63
36731|162,48
36753|22,45
36754|16,63
36773|48,28
36785|130,26
36789|21,38
36814|129,17
36840|88,9
36843|69,67
36853|115,8
36859|194,4
36875|62,49
36943|208,8
36948|246,10
36960|22,33
36963|183,22
36980|114,48
36998|51,13
37008|98,12
37037|202,27
37048|65,45
37057|101,3
37068|129,23
37079|114,28
37127|66,41
37129|36,48
37183|131,62
37187|38,28
37221|160,26
37232|241,26
37239|132,8
37246|16,27
37256|39,42
37299|97,40
37300|87,13
37309|177,58
37316|20,17
37346|18,48
37357|133,29
37368|24,17
37380|165,21
37400|39,26
37458|72,54
37479|170,27
37480|167,62
37482|53,11
37484|68,40
37487|85,10
37497|162,12
37529|40,62
37549|163,6
37610|18,21
37616|84,55
37622|100,40
37639|227,41
37695|144,23
37704|224,24
37710|196,56
37774|37,57
37780|65,21
37809|51,50
37818|75,24
37845|19,59
37876|40,2
37918|205,17
37946|252,2
37950|208,11
37952|211,2
37972|43,11
37974|16,32
37985|223,3
37992|148,14
37995|134,47
38055|182,27
38077|68,63
38087|33,9
38099|145,41
38113|103,46
38120|241,4
38134|72,40
38162|81,20
38187|50,19
38192|120,26
38239|98,9
38240|68,24
38249|25,67
38260|50,24
38266|37,6
38294|83,17
38316|139,6
38321|121,1
38331|80,55
38376|23,6
38386|156,38
38400|84,31
38404|41,49
38426|23,34
38442|40,3
38449|165,56
38455|220,22
38460|213,41
38465|66,48
38486|23,14
38500|149,8
38507|117,60
38545|16,53
38587|35,13
38615|178,28
38616|177,37
38623|245,21
38633|69,15
38657|181,28
38692|53,37
38701|96,37
38710|248,60
38714|54,4
38716|230,56
38717|67,52
38757|17,14
38759|67,36
38801|163,41
38808|193,3
38813|117,9
38817|57,39
38833|113,8
38835|17,22
38841|248,26
38916|145,9
38921|146,26
38925|130,36
38936|23,24
38939|38,67
38944|46,31
38968|176,16
38986|82,25
38992|49,30
39006|126,13
39019|147,38
39071|87,3
39074|35,58
39076|134,42
39078|178,58
39082|48,45
39093|75,36
39115|226,18
39120|119,60
39124|134,62
39131|249,8
39134|49,14
39178|113,40
39182|189,48
39183|114,60
39194|149,11
39235|51,22
39240|82,23
39241|192,23
39262|113,4
39274|97,57
39313|86,55
39323|52,40
39343|40,12
39362|52,39
39366|82,55
39379|149,63
39392|240,3
39403|54,50
39406|32,37
39429|99,21
39433|70,28
39435|217,17
39437|24,54
39446|50,9
39460|85,60
39462|77,6
39464|92,17
39469|101,41
39513|188,41
39517|146,8
39524|44,6
39546|83,66
39549|192,16
39551|24,24
39554|24,30
39594|168,48
39613|235,60
39666|118,50
39671|228,50
39682|161,9
39751|158,38
39786|38,35
39800|18,37
39813|217,26
39815|17,23
39817|209,3
39818|68,68
39895|228,26
39902|227,38
39923|231,50
39964|152,1
39966|103,23
39967|71,51
39978|235,26
39985|45,31
39987|48,50
39988|64,14
40018|116,56
40041|136,47
40043|73,37
40053|45,19
40062|151,2
40118|54,49
40121|97,28
40128|136,11
40137|65,19
40154|174,11
40161|119,39
40168|55,4
40175|250,38
40178|52,20
40196|81,7
40200|58,49
40212|35,32
40216|210,26
40217|237,60
40250|102,47
40260|20,15
40269|34,22
40270|87,20
40274|17,53
40284|185,8
40285|179,57
40294|97,50
40340|66,13
40364|66,67
40378|48,12
40391|108,13
40417|37,27
40432|96,16
40436|96,2
40480|36,41
40482|244,3
40491|67,31
40501|25,32
40515|38,37
40519|82,53
40533|185,57
40549|134,48
40551|20,7
40555|38,26
40568|154,8
40614|64,29
40615|248,56
40656|181,29
40657|32,16
40660|20,12
40680|131,37
40682|161,34
40684|228,21
40693|235,3
40694|90,28
40704|75,4
40707|83,33
40709|145,43
40768|68,67
40774|32,17
40778|200,17
40793|194,16
40795|112,20
40798|148,56
40801|85,36
40802|149,40
40808|50,50
40810|151,57
40846|245,42
40848|212,4
40853|203,17
40911|96,42
40922|19,18
40948|18,23
40955|145,57
41017|25,42
41026|69,60
41038|186,38
41044|97,26
41054|51,55
41078|84,36
41079|133,68
41080|138,12
41093|71,4
41100|243,2
41103|161,16
41150|103,35
41159|55,45
41192|172,28
41204|99,31
41214|122,39
41218|85,55
41222|69,23
41289|161,57
41291|88,47
41296|107,47
41304|22,57
41316|117,46
41328|93,35
41329|149,28
41384|49,27
41387|99,66
41413|104,8
41421|43,35
41447|17,50
41450|220,27
41460|178,37
41466|37,40
41522|130,39
41523|150,46
41540|150,37
41548|49,24
41554|216,26
41566|99,8
41602|122,56
41667|162,39
41672|156,1
41681|67,24
41689|65,7
41694|42,19
41697|186,57
41719|119,14
41728|165,37
41729|241,38
41743|51,42
41747|38,24
41807|50,4
41847|52,30
41851|26,45
41860|49,44
41876|247,60
41879|86,10
41886|113,43
41932|115,10
41935|87,8
41946|100,24
42012|68,14
42029|179,3
42032|48,2
42092|137,24
42129|17,27
42144|68,9
42148|40,37
42161|232,10
42167|19,17
42181|60,60
42203|66,22
42213|54,51
42270|162,18
42291|130,21
42292|212,40
42299|16,31
42334|180,57
42345|219,3
42346|147,23
42347|101,43
42354|232,4
42378|153,37
42380|234,18
42384|49,57
42385|202,26
42411|94,28
42415|42,26
42471|187,41
42539|159,50
42546|112,5
42554|166,56
42559|66,11
42568|195,27
42583|86,35
42635|148,17
42652|85,57
42662|87,27
42664|147,48
42684|245,22
42704|23,49
42707|230,3
42733|115,48
42748|18,16
42755|50,1
42764|19,6
42774|214,27
42817|38,9
42826|164,11
42829|234,24
42834|226,8
42840|196,27
42915|65,34
42940|211,23
42983|81,36
43054|146,38
43057|212,26
43064|43,26
43065|194,2
43069|69,11
43091|45,1
43102|146,29
43154|161,41
43175|242,22
43176|21,61
43222|168,27
43230|29,35
43237|55,40
43251|17,39
43258|242,8
43264|16,34
43297|80,20
43323|50,3
43347|96,5
43353|40,35
43361|165,22
43378|33,68
43379|64,10
43384|181,24
43412|119,10
43434|17,56
43445|45,47
43448|147,46
43485|18,34
43498|38,17
43499|144,21
43501|115,34
43504|188,42
43510|69,1
43547|133,54
43569|213,48
43571|114,43
43633|114,16
43664|245,60
43673|22,37
43687|49,31
43697|173,62
43707|44,1
43715|196,54
43723|186,2
43731|132,27
43774|85,31
43788|42,4
43797|242,3
43805|193,21
43837|187,57
43850|44,47
43856|243,4
43935|141,6
43936|106,23
43956|87,60
43957|163,10
43963|28,34
43983|214,17
44005|128,29
44060|172,12
44070|255,26
44109|24,57
44110|56,7
44141|69,53
44144|37,19
44145|97,41
44177|64,42
44178|115,16
44183|234,3
44184|37,3
44187|17,58
44210|178,39
44230|207,17
44233|83,20
44323|147,39
44344|230,38
44350|131,46
44355|50,64
44405|104,11
44407|122,14
44408|37,21
44409|180,22
44413|35,66
44425|128,26
44432|82,12
44481|67,47
44511|196,3
44536|167,16
44543|203,48
44545|80,11
44546|226,14
44554|18,57
44584|92,35
44650|106,9
44658|33,65
44669|167,28
44670|125,17
44736|119,47
44739|88,6
44743|69,48
44786|73,57
44813|226,50
44825|161,28
44850|21,10
44851|120,40
44853|131,56
44887|35,63
44892|72,24
44895|230,60
44896|37,38
44900|22,36
44920|57,26
44927|161,53
44929|22,35
44936|216,3
44944|50,68
44947|85,27
44953|148,25
44955|79,45
44959|84,52
44965|129,26
44983|51,65
44993|98,50
45019|146,1
45036|97,2
45067|22,62
45103|131,43
45125|35,25
45131|80,13
45190|19,16
45191|129,6
45201|84,68
45234|51,45
45243|130,62
45257|17,8
45348|97,1
45362|40,45
45365|48,68
45369|181,18
45376|33,53
45382|176,41
45388|120,39
45427|54,20
45446|44,31
45449|159,62
45451|22,18
45473|101,12
45477|130,54
45479|24,33
45539|181,11
45544|100,5
45551|118,11
45563|102,27
45568|191,2
45581|66,29
45585|145,11
45603|161,43
45609|17,16
45610|38,63
45644|186,48
45652|55,30
45662|129,57
45663|185,29
45667|38,40
45736|168,43
45766|70,53
45767|214,4
45777|165,11
45778|70,65
45782|131,25
45785|70,24
45788|42,45
45804|22,63
45850|105,29
45851|249,60
45855|56,58
45914|166,38
45989|251,4
45996|215,22
46033|229,60
46056|102,11
46069|195,17
46187|178,22
46190|193,37
46195|242,14
46224|74,67
46225|109,47
46236|99,50
46315|113,10
46335|37,62
46367|31,49
46372|65,23
46391|145,29
46421|21,23
46423|132,3
46424|213,24
46468|138,11
46474|20,16
46500|100,63
46565|80,32
46568|41,35
46572|28,38
46610|34,2
46624|113,16
46629|52,36
46638|39,28
46649|132,25
46651|71,27
46653|167,57
46655|51,34
46677|24,10
46698|149,34
46703|169,34
46707|225,22
46713|100,12
46742|24,26
46753|118,60
46812|153,2
46855|177,28
46905|59,40
46917|163,9
46931|70,42
46938|229,3
46942|24,7
46984|63,23
46987|163,57
46991|100,37
47006|34,57
47009|149,50
47053|69,54
47063|81,10
47081|154,48
47083|98,25
47094|116,38
47098|89,60
47114|39,1
47118|144,8
47129|113,42
47144|66,50
47153|129,68
47159|64,22
47219|70,9
47224|90,10
47244|229,4
47249|57,32
47269|164,24
47292|201,27
47294|121,10
47299|213,11
47310|161,58
47311|195,2
47316|146,6
47319|199,17
47322|148,18
47332|74,40
47364|213,21
47370|106,11
47372|161,14
47379|112,27
47416|98,3
47443|35,7
47474|164,43
47498|218,2
47570|178,14
47572|35,11
47574|182,18
47585|236,41
47593|129,63
47601|70,37
47604|32,57
47620|147,28
47621|217,60
47629|103,42
47653|96,40
47672|33,47
47673|165,14
47755|54,60
47756|132,18
47760|212,21
47825|41,30
47826|55,49
47827|42,49
47829|51,63
47830|17,18
47867|216,11
47871|242,50
47891|224,41
47947|36,46
47962|117,38
47965|155,62
47981|154,38
48059|33,2
48070|225,50
48076|241,3
48087|164,22
48088|181,17
48089|17,66
48091|115,3
48094|18,27
48101|120,50
48148|85,44
48154|119,1
48159|39,9
48161|68,53
48162|195,18
48183|128,21
48185|75,48
48245|21,18
48254|108,47
48259|176,60
48262|58,42
48270|116,42
48291|99,13
48304|148,63
48388|50,16
48389|23,2
48404|38,39
48432|70,5
48433|213,3
48468|35,15
48476|174,28
48496|36,12
48497|98,40
48502|118,46
48504|122,29
48537|37,29
48541|43,39
48547|158,50
48568|224,40
48640|227,10
48654|246,23
48660|35,44
48706|130,48
48728|56,60
48729|166,34
48756|183,11
48785|216,8
48790|202,24
48859|20,57
48875|161,26
48881|17,36
48887|162,26
48889|99,68
48897|245,26
48919|196,4
48920|83,15
48931|176,3
48933|49,7
48935|193,40
48938|20,46
48974|74,57
48977|35,21
49054|70,68
49067|115,5
49073|23,54
49088|33,14
49132|119,21
49138|80,4
49146|147,10
49149|41,39
49179|149,54
49255|54,57
49295|18,45
49359|227,21
49366|134,29
49368|247,50
49369|81,1
49371|210,21
49384|113,36
49402|131,1
49408|23,18
49461|146,40
49465|72,4
49519|25,45
49536|56,35
49636|115,20
49663|98,18
49697|68,31
49706|50,17
49720|47,44
49724|183,50
49734|33,36
49742|22,41
49836|49,33
49846|53,61
49860|122,10
49867|154,1
49902|103,18
49924|72,27
49931|51,8
49950|234,4
49989|148,8
50046|118,39
50056|146,9
50061|210,17
50080|144,29
50148|176,23
50151|30,42
50153|113,25
50177|211,22
50178|50,10
50186|54,68
50190|33,49
50192|39,49
50193|41,31
50220|173,46
50284|35,12
50298|228,8
50309|72,3
50310|42,31
50313|32,60
50321|145,8
50327|201,54
50423|167,14
50427|115,1
50443|162,9
50444|48,34
50483|97,31
50486|237,4
50501|64,55
50515|137,42
50521|146,42
50604|75,52
50609|17,28
50627|175,10
50707|99,18
50731|49,4
50826|38,57
50840|53,67
50844|166,8
50898|23,67
50907|103,9
50972|85,37
51009|226,41
51022|199,26
51079|150,48
51100|180,40
51127|227,2
51135|117,47
51157|32,8
51169|37,47
51173|57,42
51298|119,42
51371|130,27
51392|104,9
51464|105,18
51485|118,6
51495|130,43
51546|179,63
51559|112,8
51566|209,29
51568|53,45
51569|51,26
51581|179,60
51589|20,50
51609|81,27
51625|82,7
51710|137,34
51769|114,57
51771|101,33
51781|97,34
51783|38,68
51789|36,9
51793|71,24
51809|17,13
51810|214,26
51862|58,20
51863|243,56
51864|51,17
51872|169,63
51876|67,60
51880|67,15
51883|164,57
51898|23,60
51937|148,24
51975|136,68
51976|52,26
51986|131,68
51997|192,50
52004|242,24
52018|74,37
52090|33,28
52096|154,39
52100|99,57
52113|69,61
52119|210,38
52128|55,21
52173|182,29
52177|114,1
52186|65,20
52187|242,10
52188|194,24
52217|40,1
52220|18,18
52221|45,27
52224|104,10
52291|88,4
52305|24,46
52324|36,39
52408|150,57
52433|132,23
52443|71,14
52483|73,60
52484|102,38
52493|112,41
52495|86,37
52531|51,38
52629|36,18
52635|81,51
52639|21,28
52640|167,10
52645|101,59
52648|18,14
52650|17,60
52662|198,22
52671|27,45
52703|176,50
52755|49,19
52835|202,48
52866|113,23
52868|36,10
52874|128,28
52875|70,47
52910|99,10
52937|151,18
52940|50,13
52953|103,38
52963|187,38
52972|52,8
53048|180,50
53077|70,3
53080|69,68
53082|135,23
53088|215,27
53089|135,4
53095|170,37
53098|198,29
53100|81,52
53111|32,44
53112|85,56
53128|67,1
53135|116,47
53138|99,44
53150|232,24
53167|226,48
53178|82,39
53207|89,35
53212|39,24
53230|70,14
53252|48,5
53253|240,4
53374|163,37
53406|225,26
53407|214,48
53452|91,11
53517|50,60
53546|179,50
53547|36,47
53565|231,4
53570|17,67
53637|189,2
53638|70,10
53658|240,22
53667|71,64
53696|38,19
53758|142,24
53790|49,47
53803|210,60
53813|162,60
53816|129,53
53863|204,2
53933|81,42
54030|33,24
54040|176,62
54042|210,8
54045|74,48
54069|241,23
54072|41,6
54082|224,50
54131|19,45
54143|39,10
54154|131,48
54160|251,26
54164|165,57
54166|176,58
54174|16,18
54251|65,27
54256|128,41
54258|185,38
54266|164,41
54272|19,43
54273|215,29
54319|75,42
54323|53,54
54332|225,41
54334|88,54
54339|83,60
54340|251,38
54345|129,18
54347|26,57
54348|85,13
54406|162,56
54421|115,25
54423|44,44
54428|182,2
54432|30,49
54437|121,44
54526|177,60
54535|103,57
54556|217,50
54574|171,50
54664|82,42
54672|151,23
54688|107,23
54691|19,56
54731|205,24
54757|178,41
54788|177,50
54877|200,40
54885|132,39
55026|22,17
55087|145,34
55097|75,45
55135|196,17
55148|19,41
55188|177,24
55216|68,16
55244|40,19
55254|178,38
55293|82,50
55302|37,67
55312|100,38
55317|144,17
55352|51,6
55354|184,2
55388|73,9
55484|35,52
55521|185,50
55525|233,18
55540|183,18
55547|41,1
55552|20,14
55553|108,39
55554|102,12
55556|116,12
55563|53,30
55582|157,48
55585|245,38
55603|115,39
55605|18,61
55614|90,45
55629|115,60
55634|147,54
55667|53,32
55671|219,27
55678|201,41
55682|129,14
55683|122,1
55701|162,8
55719|74,52
55733|74,6
55807|102,29
55829|169,12
55842|193,18
55852|230,21
55855|61,40
55869|197,38
55875|216,14
55922|164,9
55927|163,14
55993|34,40
55996|155,2
55997|70,67
56058|36,27
56094|70,58
56101|100,4
56245|185,27
56404|81,35
56408|72,37
56412|154,14
56415|70,57
56417|135,46
56473|205,26
56480|134,11
56493|179,58
56515|228,38
56537|32,22
56548|64,17
56603|26,35
56630|242,26
56647|211,38
56658|228,23
56664|86,45
56669|135,2
56670|150,27
56700|171,37
56706|148,28
56730|49,9
56763|214,2
56775|19,34
56783|133,28
56800|98,8
56803|208,40
56805|33,18
56810|233,23
56811|230,26
56841|123,13
56909|48,36
56941|148,41
57029|45,39
57033|119,50
57066|105,43
57074|21,34
57091|65,28
57092|18,67
57094|140,48
57108|197,40
57117|82,54
57124|97,9
57144|249,14
57219|40,49
57262|225,38
57267|49,25
57325|129,13
57334|180,14
57337|66,39
57338|161,42
57397|34,36
57436|20,25
57456|245,8
57499|81,25
57520|161,39
57556|174,17
57619|244,26
57642|160,27
57655|50,14
57758|161,48
57771|72,32
57776|137,40
57797|50,62
57853|27,26
57856|90,60
57869|93,52
57875|21,20
57883|132,48
57921|99,33
57951|77,51
58056|160,14
58059|168,16
58072|57,50
58130|24,60
58158|146,53
58159|105,39
58171|164,37
58177|65,18
58198|52,46
58267|145,37
58268|254,2
58275|185,56
58297|89,4
58310|33,3
58312|20,67
58324|112,12
58334|114,37
58339|18,39
58350|197,37
58413|205,2
58424|251,56
58441|97,20
58465|177,22
58483|38,62
58488|181,62
58493|194,11
58500|113,2
58521|116,50
58580|180,29
58581|245,3
58597|103,39
58603|212,8
58613|39,2
58635|39,3
58643|83,8
58684|125,47
58702|146,48
58703|214,8
58735|149,24
58737|43,1
58857|208,4
58894|83,38
58900|22,49
58905|102,23
58926|52,64
58942|20,28
59067|97,66
59068|32,25
59095|70,12
59125|233,8
59150|16,43
59166|20,62
59168|84,28
59169|34,62
59318|169,6
59353|200,48
59374|183,10
59377|102,39
59396|71,37
59402|105,38
59414|249,56
59422|85,25
59530|213,60
59562|207,24
59564|144,24
59571|198,18
59579|217,2
59602|85,38
59614|115,12
59643|117,50
59656|52,68
59782|67,38
59790|50,26
59792|134,34
59806|184,29
59810|21,49
59871|54,46
59878|16,10
59884|99,53
59896|243,38
59898|234,22
59909|33,17
59940|59,38
59941|22,25
59942|16,45
59986|129,62
59990|166,10
60005|195,38
60011|225,2
60017|135,62
60029|169,48
60044|52,11
60053|178,29
60087|68,30
60088|96,29
60089|97,18
60117|149,17
60122|145,50
60128|150,58
60134|38,49
60139|28,57
60176|50,22
60194|234,60
60208|64,3
60226|34,48
60238|104,31
60244|211,10
60261|162,16
60324|33,55
60327|115,24
60371|73,67
60373|194,50
60412|243,26
60441|102,35
60458|178,16
60461|132,17
60464|129,39
60497|196,26
60502|51,9
60530|22,28
60532|48,43
60535|121,37
60545|37,50
60553|179,39
60570|141,34
60589|81,21
60645|146,17
60746|110,47
60770|150,1
60788|129,34
60801|130,29
60887|41,14
60908|54,18
60920|68,60
60934|130,46
60964|55,33
60970|100,35
61027|16,56
61038|83,45
61042|172,6
61081|100,59
61087|118,1
61121|61,31
61165|169,16
61187|73,40
61408|23,61
61413|160,23
61417|134,27
61435|102,50
61491|208,14
61534|128,14
61556|20,5
61615|66,56
61664|180,56
61685|152,50
61692|54,28
61707|221,29
61744|84,5
61746|114,9
61775|104,43
61841|150,14
61843|224,18
61855|213,27
61864|17,62
61886|177,8
61895|184,22
61952|137,2
61964|54,19
61968|18,5
61976|72,60
61981|96,24
62000|246,4
62004|112,6
62106|153,27
62146|51,11
62194|36,50
62201|24,32
62215|190,48
62227|182,57
62255|66,6
62269|33,63
62333|52,67
62354|18,15
62400|118,40
62476|216,4
62529|150,11
62533|49,35
62577|116,6
62674|73,62
62742|40,6
62811|16,64
62827|49,17
62828|97,58
62889|39,14
62899|163,23
62900|162,24
62907|244,38
62919|20,33
62931|25,47
62970|209,56
62980|50,48
62993|68,11
63016|49,51
63027|49,23
63043|247,17
63045|134,37
63054|25,30
63058|198,42
63060|52,2
63103|44,45
63152|182,23
63233|151,43
63248|51,20
63273|125,29
63282|53,38
63302|180,28
63320|96,38
63329|69,47
63370|20,23
63390|51,12
63425|23,28
63447|232,22
63510|68,38
63528|52,55
63557|132,62
63560|146,13
63564|151,37
63567|133,12
63569|145,38
63575|102,24
63584|34,19
63669|224,22
63675|58,26
63710|97,46
63714|243,8
63789|72,47
63800|118,47
63806|133,22
63832|236,60
63908|82,1
63933|121,50
63946|243,60
63994|37,28
64005|178,62
64034|53,58
64042|40,39
64046|62,50
64064|164,29
64069|65,15
64078|36,42
64146|19,8
64153|115,36
64162|73,58
64175|27,25
64182|80,24
64192|65,8
64293|143,24
64305|186,50
64326|38,11
64408|157,38
64443|25,63
64460|17,21
64461|85,52
64467|188,48
64470|247,38
64499|209,2
64524|21,58
64543|165,3
64544|213,14
64547|89,9
64552|18,17
64657|75,9
64664|18,55
64670|167,46
64791|42,47
64804|17,61
64822|130,56
64825|216,38
64897|48,63
64941|211,24
64950|49,13
64962|47,37
65025|125,39
65054|142,48
65152|98,29
65162|25,14
65188|204,24
65220|129,1
65236|90,23
65304|202,54
65344|86,6
65467|201,48
65469|36,66
65544|198,17
65561|75,35
65568|66,23
65575|83,52
65656|67,55
65693|51,37
65773|131,2
65834|147,8
65895|34,18
65898|146,34
65921|117,14
65938|20,27
65952|212,17
65979|39,39
65982|133,4
65987|52,43
65990|65,57
66002|107,11
66097|109,11
66268|26,42
66296|160,4
66318|167,17
66332|67,43
66339|97,56
66349|44,39
66454|21,39
66590|64,39
66594|228,48
66694|57,67
66701|67,63
66724|54,7
66745|148,37
66746|82,4
66756|150,62
66809|80,22
66818|155,39
66887|248,23
66909|81,45
66910|50,67
66924|128,43
66954|52,34
66962|64,38
66976|64,18
67013|148,40
67161|67,33
67180|71,1
67200|35,26
67207|56,28
67210|185,17
67217|67,48
67222|48,26
67226|184,42
67359|235,41
67366|25,36
67411|72,48
67414|187,50
67470|100,44
67474|43,6
67476|123,34
67501|23,41
67524|142,43
67584|228,42
67593|19,66
67604|216,17
67610|17,11
67628|35,51
67648|99,40
67742|20,38
67765|132,37
67785|83,9
67797|149,18
67820|86,17
67858|224,3
67905|86,1
68014|49,63
68024|148,46
68039|16,42
68043|114,34
68067|19,7
68100|83,56
68134|19,61
68268|43,29
68271|73,45
68299|51,48
68311|138,62
68317|135,43
68388|98,59
68397|136,43
68401|91,9
68479|191,38
68519|56,49
68557|163,18
68604|171,11
68616|51,67
68617|180,17
68633|56,15
68655|36,26
68775|181,39
68811|38,47
68839|193,2
68846|84,43
68865|146,46
68872|51,56
68891|197,4
68908|178,48
68939|230,22
68947|84,37
69046|97,47
69051|120,17
69054|96,18
69108|218,50
69127|132,9
69132|142,11
69172|96,55
69173|229,22
69174|213,17
69187|107,43
69193|52,42
69199|77,21
69204|118,37
69343|151,39
69348|82,28
69423|225,8
69434|229,38
69525|20,47
69548|24,18
69555|151,62
69565|99,35
69575|69,12
69591|119,29
69592|116,10
69631|113,50
69643|44,2
69656|36,52
69663|159,2
69676|42,57
69703|138,6
69716|35,14
69788|204,17
69805|149,46
69821|54,56
69843|121,56
69867|124,9
69877|32,62
69926|117,1
69968|48,42
69990|53,57
69993|65,12
70094|233,22
70110|97,17
70119|219,60
70124|100,20
70127|84,47
70175|53,36
70182|225,18
70245|22,39
70257|116,57
70418|112,50
70429|215,17
70485|179,40
70527|155,1
70535|32,19
70550|70,62
70583|242,42
70590|68,47
70609|69,6
70613|33,30
70755|69,27
70824|246,60
70831|81,58
70845|68,54
70851|113,24
70852|32,46
70960|115,57
70967|130,2
70969|32,23
70976|197,50
71012|88,10
71021|41,68
71076|22,32
71153|60,23
71189|195,14
71208|80,12
71313|181,22
71328|97,54
71455|89,38
71485|215,23
71492|164,6
71496|40,24
71578|137,43
71580|172,48
71592|222,4
71606|179,17
71702|98,68
71712|179,48
71722|178,23
71751|25,18
71766|81,67
71792|38,50
71816|16,47
71830|32,31
71840|163,63
71864|174,6
71918|21,29
71932|69,4
72116|69,56
72144|59,50
72152|20,53
72200|32,63
72242|59,26
72250|195,54
72267|152,17
72296|136,48
72308|114,23
72316|117,44
72332|179,38
72378|149,23
72399|87,6
72400|16,22
72402|241,8
72427|177,3
72465|185,14
72575|37,66
72625|100,8
72630|24,63
72713|84,61
72726|146,41
72735|65,31
72749|128,50
72760|147,1
72867|50,20
72905|197,27
72910|55,42
72915|112,1
72949|32,4
72982|48,11
72987|134,22
73001|186,8
73077|174,29
73121|39,23
73150|103,68
73158|144,41
73310|35,67
73403|40,23
73404|40,38
73435|109,39
73444|41,42
73452|48,32
73454|80,43
73466|19,1
73467|35,35
73496|120,9
73504|106,38
73553|232,23
73578|40,57
73595|249,10
73607|58,23
73677|115,50
73685|39,50
73751|230,10
73851|49,60
73867|210,2
73922|212,14
73995|133,47
74009|201,24
74010|225,4
74024|241,14
74125|129,25
74130|55,19
74156|177,54
74234|52,50
74236|169,56
74255|210,24
74262|67,5
74363|16,2
74424|112,22
74440|151,17
74452|20,42
74509|192,18
74519|34,10
74560|226,24
74566|40,67
74570|75,21
74572|41,47
74598|84,57
74684|195,56
74718|147,62
74719|33,58
74756|32,50
74831|129,38
74869|178,18
74881|24,23
74936|54,47
74941|16,21
74949|23,7
75007|103,47
75018|85,29
75129|38,14
75143|76,67
75149|72,16
75224|182,41
75228|115,23
75305|168,46
75308|28,54
75309|95,50
75327|138,48
75365|65,13
75422|182,38
75424|194,22
75436|153,50
75457|20,29
75471|221,50
75593|81,4
75618|194,10
75623|17,49
75635|52,12
75636|243,21
75724|115,56
75827|42,28
75887|21,43
75889|88,20
75892|156,50
76013|190,56
76023|120,13
76174|43,49
76178|162,54
76200|27,43
76247|231,38
76272|214,50
76300|71,47
76338|58,31
76420|84,65
76453|173,16
76458|145,17
76479|216,2
76551|98,31
76626|141,43
76644|245,17
76735|114,50
76751|124,57
76797|48,55
76838|52,17
76908|34,1
76925|161,50
76926|84,67
77007|49,67
77013|147,17
77067|17,63
77085|242,56
77103|32,58
77162|199,38
77184|128,39
77232|251,23
77270|165,6
77368|144,18
77378|54,10
77430|166,29
77456|33,50
77462|113,14
77487|247,56
77513|37,65
77700|224,14
77776|70,17
77799|52,28
77852|247,21
77862|21,50
77871|26,50
77873|54,38
77922|17,43
77931|146,24
77958|214,40
77970|48,44
77976|20,61
77981|70,6
78033|101,6
78046|217,23
78144|168,39
78167|177,17
78242|33,39
78252|99,56
78378|107,5
78419|81,39
78456|83,2
78462|152,6
78571|75,40
78600|36,14
78606|105,13
78715|247,24
78744|164,60
78853|35,23
78864|46,49
78899|97,63
78914|49,8
78919|115,38
78921|50,56
78923|227,50
78991|54,23
79028|113,62
79054|186,11
79090|216,27
79116|65,4
79187|183,37
79255|203,2
79275|20,30
79276|81,55
79306|231,22
79325|41,50
79327|57,47
79352|151,8
79364|32,38
79434|203,54
79450|98,33
79453|140,46
79461|132,54
79463|51,49
79527|144,62
79529|19,4
79622|65,39
79698|113,5
79733|71,62
79736|80,14
79854|68,12
79867|118,29
79912|107,29
79917|248,4
79936|182,9
80029|32,1
80163|166,50
80173|161,37
80181|51,2
80200|114,14
80202|103,31
80328|83,65
80350|198,54
80369|226,26
80434|145,18
80449|240,40
80458|106,29
80477|49,64
80486|35,41
80614|102,18
80694|39,38
80743|67,14
80746|118,8
80753|193,23
80774|72,64
80794|81,66
80802|166,16
80815|226,38
80843|75,10
80857|82,45
80872|42,68
80873|164,50
80876|127,13
80939|192,26
80957|225,48
81075|24,53
81159|210,29
81167|36,31
81219|163,46
81434|228,22
81524|81,28
81562|91,50
81588|71,67
81590|33,60
81602|82,21
81631|187,2
81641|113,9
81697|222,3
81703|52,60
81712|35,38
81814|210,48
81859|97,55
81900|34,61
81910|180,58
81941|148,13
81979|169,29
82002|33,10
82131|69,65
82132|244,50
82192|231,10
82211|82,43
82220|23,37
82233|24,48
82256|90,17
82295|102,13
82331|47,50
82333|199,22
82451|16,55
82459|195,29
82507|41,38
82515|97,6
82538|249,4
82620|54,58
82625|170,46
82629|182,16
82684|245,50
82707|148,2
82709|65,55
82826|233,40
82846|70,45
83199|195,10
83200|168,2
83231|49,26
83258|245,14
83339|225,60
83342|57,49
83374|41,40
83386|113,28
83390|36,17
83400|33,54
83425|145,1
83489|18,63
83575|154,42
83601|44,68
83660|105,5
83662|91,17
83750|73,27
83786|48,23
83798|230,24
83819|208,18
83822|185,11
83825|33,31
83849|123,17
83877|83,10
83970|181,50
83987|129,43
83997|87,47
84000|50,52
84039|246,26
84059|219,22
84060|121,47
84072|179,42
84145|196,50
84156|38,38
84241|168,17
84291|216,23
84306|213,29
84317|136,12
84348|106,25
84446|49,46
84457|71,36
84466|169,10
84469|23,63
84488|134,54
84517|170,17
84526|248,50
84542|122,17
84596|167,8
84808|30,50
84893|68,5
84935|118,41
84944|69,51
84968|84,1
84983|241,50
85021|146,62
85048|25,43
85057|164,14
85062|18,35
85068|115,4
85130|199,48
85163|67,67
85180|66,60
85220|26,14
85222|103,5
85364|214,23
85436|101,47
85458|168,14
85476|66,8
85604|39,34
85627|133,24
85631|19,36
85746|48,22
85765|163,2
85782|209,18
85791|46,50
86053|98,57
86069|130,11
86120|67,40
86123|78,6
86134|83,37
86235|19,24
86267|37,26
86307|24,50
86319|65,61
86367|85,9
86493|17,33
86499|117,62
86527|39,40
86565|84,50
86584|179,56
86632|70,61
86643|231,18
86691|65,3
86748|101,24
86769|65,66
86808|33,56
86988|249,23
86999|70,51
87002|16,38
87044|50,40
87083|246,38
87103|145,2
87153|32,47
87159|161,6
87160|105,27
87225|73,54
87259|28,35
87447|19,47
87464|67,39
87600|52,1
87727|130,13
87745|228,60
87754|194,56
87766|33,61
87817|23,38
87862|194,54
87897|72,42
87902|96,58
87906|145,62
87931|163,43
88036|198,56
88047|126,1
88086|132,40
88123|82,17
88126|104,23
88187|246,40
88195|63,40
88199|57,28
88235|90,55
88237|185,22
88272|208,23
88287|40,50
88307|130,28
88308|80,37
88322|178,50
88324|96,17
88414|132,43
88444|167,50
88613|71,48
88634|168,50
88824|65,62
88826|88,17
88852|21,42
88883|93,28
88952|123,47
88969|161,60
89001|117,39
89087|147,25
89088|240,60
89097|25,23
89145|123,29
89257|66,68
89279|141,62
89362|55,26
89413|168,10
89422|23,23
89424|241,56
89556|136,22
89563|25,57
89578|54,48
89582|162,58
89589|163,62
89590|149,37
89746|203,24
89748|99,41
89756|198,50
89769|66,43
89801|167,6
89845|172,62
89893|89,17
89899|167,12
89991|39,68
90008|19,46
90019|102,32
90023|74,58
90069|130,68
90095|50,61
90101|69,43
90134|16,7
90153|163,27
90276|33,7
90379|124,47
90412|147,27
90429|244,14
90505|100,48
90509|128,2
90652|115,22
90698|46,30
90781|129,2
90801|20,59
90850|112,55
90858|147,50
91040|213,2
91068|196,22
91071|34,38
91072|124,48
91120|200,2
91184|24,6
91231|18,41
91386|226,17
91396|49,36
91579|82,52
91650|147,14
91654|65,29
91711|182,50
91725|18,47
91822|150,50
91854|163,17
91878|129,60
91921|228,10
91952|212,23
91966|116,41
91991|57,58
92006|152,2
92115|123,37
92143|199,40
92155|44,26
92164|194,17
92175|101,5
92186|53,26
92274|51,60
92280|72,58
92297|55,38
92321|160,60
92705|183,2
92713|163,58
92844|222,29
92860|197,17
92865|49,43
92869|99,23
92879|170,16
92888|116,14
92979|81,68
93025|50,47
93058|56,26
93102|21,26
93110|54,12
93160|163,60
93185|52,48
93205|53,17
93260|184,14
93404|147,58
93491|49,56
93567|166,14
93712|16,66
93725|118,57
93840|225,14
93850|48,58
93873|197,2
93933|219,14
94124|114,68
94127|41,15
94158|165,12
94292|85,23
94295|35,50
94307|176,17
94327|51,15
94333|146,50
94343|21,46
94390|52,62
94512|37,17
94579|218,18
94593|147,37
94600|54,67
94697|135,22
94730|51,61
94846|146,58
94872|82,68
94989|66,62
94994|81,17
94996|209,41
95226|114,29
95243|173,37
95245|16,67
95305|102,68
95318|44,50
95343|50,5
95348|42,50
95361|60,47
95500|60,50
95573|86,61
95584|144,22
95620|166,37
95639|211,29
95735|252,38
95743|39,62
95785|161,22
95806|186,24
95848|50,23
95931|49,38
95932|200,37
96023|172,17
96101|21,54
96118|16,14
96144|114,58
96169|33,23
96326|188,29
96424|54,17
96484|165,17
96546|128,62
96551|145,14
96571|51,23
96576|37,14
96597|116,13
96598|80,58
96617|22,14
96623|55,56
96633|193,56
96642|71,28
96676|147,16
96694|85,47
96703|84,17
96706|43,23
96708|210,14
96793|68,56
96798|81,40
96885|129,56
97038|81,56
97040|56,38
97044|145,58
97108|67,27
97182|219,50
97196|72,14
97239|66,51
97250|132,2
97268|84,48
97348|57,17
97476|99,62
97490|130,47
97504|39,67
97512|65,67
97579|52,56
97648|51,43
97662|220,50
97689|164,2
97701|180,18
97796|87,1
97807|147,56
97813|65,6
97847|52,21
97922|174,46
97936|67,29
97953|59,47
97963|20,60
97965|249,22
97990|160,41
98040|33,1
98086|97,68
98103|131,58
98213|26,47
98239|50,51
98269|179,22
98271|130,50
98274|82,61
98286|97,43
98302|201,2
98326|114,17
98333|195,40
98349|70,23
98384|66,17
98508|215,50
98525|46,23
98564|186,56
98620|40,15
98647|231,23
98781|55,58
98798|180,62
98809|104,12
98892|246,22
98906|139,12
98949|52,57
98954|23,40
99118|162,63
99128|36,61
99147|129,22
99158|115,55
99209|243,3
99280|227,40
99421|17,17
99433|24,25
99444|98,26
99470|162,14
99475|37,32
99561|195,50
99599|169,17
99612|18,60
99729|230,23
99840|123,14
99852|76,23
99875|225,23
99882|148,38
100091|74,51
100151|64,41
100161|149,14
100269|246,50
100278|186,29
100286|148,68
100315|101,13
100394|113,58
100412|86,5
100534|130,14
100641|173,10
100643|40,14
100651|33,59
100717|132,22
100729|99,48
100732|152,39
100759|71,58
100772|98,17
100870|193,27
100873|114,63
100892|130,6
100901|160,17
100911|193,14
100915|215,24
100931|27,54
101018|167,2
101024|249,26
101062|18,50
101077|177,56
101094|58,47
101153|248,40
101200|38,15
101240|28,50
101246|130,23
101259|114,46
101260|131,47
101265|162,17
101287|209,50
101414|65,56
101498|247,26
101501|77,23
101502|161,17
101503|132,50
101550|100,29
101555|20,40
101572|44,14
101696|34,50
101756|135,50
101820|112,62
101913|66,5
101958|196,18
102068|131,50
102102|83,67
102145|100,50
102163|114,55
102170|55,51
102176|135,48
102195|49,61
102208|213,50
102237|98,47
102339|51,16
102416|237,23
102475|83,51
102574|171,6
102583|97,32
102588|147,24
102597|119,40
102609|144,46
102633|55,23
102673|210,41
102782|96,12
102807|89,57
102937|22,47
102950|52,14
102967|50,43
102983|53,18
102990|119,12
103175|192,22
103220|25,61
103243|166,57
103251|33,62
103256|161,29
103293|113,17
103406|171,29
103475|160,2
103521|113,22
103619|43,47
103712|65,43
103844|196,40
103845|66,14
103973|148,57
103980|245,23
104137|37,52
104174|123,1
104190|83,48
104381|19,22
104465|62,23
104472|16,23
104665|35,62
104777|154,62
104835|32,9
104923|34,26
104999|65,5
105154|21,63
105160|227,14
105165|251,14
105307|160,50
105531|99,6
105621|37,41
105626|211,41
105688|250,14
105741|76,6
105746|128,23
105930|194,14
105940|97,37
105947|196,37
105951|105,23
105967|82,48
106017|39,17
106036|52,5
106206|72,6
106269|170,6
106304|115,29
106349|145,12
106484|17,15
106519|66,15
106520|249,38
106528|99,17
106692|211,14
106710|42,40
106895|21,52
106921|67,4
106975|192,21
106991|99,24
107059|216,50
107081|212,50
107090|52,58
107092|34,58
107325|229,23
107628|243,14
107634|70,25
107668|178,24
107673|82,15
107729|105,47
107735|211,21
107740|58,6
107838|69,8
108147|98,58
108154|112,14
108225|152,14
108229|241,40
108245|69,62
108404|161,10
108407|153,38
108422|58,40
108458|163,12
108463|244,17
108467|21,14
108468|53,15
108477|55,57
108591|84,56
108696|87,55
108774|69,63
108823|155,14
108834|161,38
108864|116,55
108874|151,14
108921|153,14
108926|229,26
108940|117,55
108972|183,14
108974|55,15
109048|68,66
109148|211,50
109335|133,37
109354|61,47
109360|54,5
109422|54,15
109434|252,56
109442|100,47
109451|242,38
109459|185,24
109519|49,22
109530|49,58
109584|82,5
109641|156,62
109645|22,61
109679|224,23
109769|52,18
109896|210,50
110007|103,6
110010|21,5
110033|168,62
110088|161,24
110136|103,24
110262|19,5
110275|119,57
110312|72,12
110323|227,56
110484|210,23
110489|36,68
110662|230,50
110709|242,40
110740|66,38
110741|170,12
110996|35,68
111039|18,19
111090|232,50
111125|76,51
111151|52,15
111236|187,24
111318|226,23
111364|98,6
111400|122,47
111463|172,29
111466|64,6
111503|22,50
111718|68,15
111777|18,66
111810|43,68
111846|128,22
111858|134,50
111914|102,6
111999|56,40
112004|68,18
112018|146,14
112030|146,37
112059|75,6
112127|114,47
112196|53,39
112216|168,6
112292|129,58
112308|121,29
112417|106,5
112420|87,50
112509|246,14
112513|103,29
112569|132,24
112603|85,58
112613|67,62
112630|177,4
112689|160,29
112714|37,23
112720|21,47
112742|118,14
112805|21,40
112857|117,29
112937|64,16
112989|135,24
112995|171,28
113013|84,58
113075|82,56
113171|183,23
113365|82,47
113504|68,58
113533|162,6
113560|129,47
113617|98,66
113741|100,6
113755|173,6
113810|22,23
113864|134,24
114149|65,58
114164|34,12
114206|38,1
114400|66,58
114401|61,23
114434|17,19
114489|20,48
114503|100,23
114599|35,61
114710|90,50
114939|41,19
114998|46,6
115013|168,29
115541|40,68
115559|34,68
115682|82,58
115734|139,62
115764|243,40
116236|48,18
116278|81,47
116334|249,2
117470|67,58
117542|18,56
117712|60,40
117779|65,40
117990|83,47
118043|121,14
118113|170,29
118125|162,29
118157|75,67
118455|20,22
118497|129,24
118501|131,24
118549|136,24
118551|113,37
118968|32,68
118995|47,68
119016|56,68
119063|130,24
119085|67,66
119086|82,66
119155|213,23
119187|81,61
119223|164,17
119249|253,14
119253|99,47
119299|108,48
119334|81,15
119444|229,50
119725|80,29
119938|83,58
